15, 1, 90, 47.0772, 431.0865
15, 1, 91, 44.5605, 356.7775
15, 1, 92, 45.6504, 374.8146
15, 1, 93, 47.7138, 418.4655
15, 1, 94, 47.6078, 396.7213
15, 1, 95, 49.0430, 430.9688
15, 1, 96, 50.6165, 481.0096
15, 1, 97, 51.2939, 507.5621
15, 1, 98, 46.7044, 350.6992
15, 1, 99, 45.8521, 316.2384
15, 1, 100, 48.3215, 388.9007
15, 1, 101, 45.5837, 299.2613
15, 1, 102, 46.2568, 322.6965
15, 1, 103, 48.7948, 383.7487
15, 1, 104, 45.0125, 272.7242
15, 1, 105, 47.7481, 337.7819
15, 1, 106, 45.9018, 287.1929
15, 1, 107, 47.8719, 341.1439
15, 1, 108, 41.7591, 225.0141
15, 1, 109, 48.5004, 353.7143
15, 1, 110, 46.3510, 286.5700
15, 1, 111, 44.7981, 249.8952
15, 1, 112, 44.5995, 242.8726
15, 1, 113, 44.1200, 234.0568
15, 1, 114, 41.8472, 197.8714
15, 1, 115, 44.2199, 231.4250
15, 1, 116, 44.4005, 236.7264
15, 1, 117, 48.7346, 354.1079
15, 1, 118, 43.3765, 208.2206
15, 1, 119, 44.3862, 228.9676
15, 1, 120, 45.5494, 272.9174
15, 1, 121, 42.0422, 188.1971
15, 1, 122, 44.4704, 239.9422
15, 1, 123, 39.4974, 156.4803
15, 1, 124, 41.0450, 173.8029
15, 1, 125, 42.4422, 199.8980
15, 1, 126, 49.8253, 438.0875
15, 1, 127, 44.7992, 256.9537
15, 1, 128, 49.3615, 412.8588
15, 1, 129, 42.9771, 215.2355
15, 1, 130, 42.5476, 205.7083
15, 1, 131, 46.5361, 320.2779
15, 1, 132, 44.2478, 252.7297
15, 1, 133, 45.9540, 300.1269
15, 1, 134, 43.9250, 238.4008
15, 1, 135, 43.2496, 227.5443
15, 1, 136, 44.4309, 266.9792
15, 1, 137, 45.2652, 297.3150
15, 1, 138, 44.2727, 271.5503
15, 1, 139, 45.4838, 312.5071
15, 1, 140, 53.2455, 846.9263
15, 2, 90, 56.1468, 937.2104
15, 2, 91, 57.7516, 1148.1195
15, 2, 92, 57.0058, 993.7472
15, 2, 93, 56.4000, 935.7236
15, 2, 94, 55.5185, 848.2038
15, 2, 95, 57.1692, 1010.7407
15, 2, 96, 56.6960, 957.5181
15, 2, 97, 54.3207, 658.5104
15, 2, 98, 56.0048, 855.7332
15, 2, 99, 55.4697, 797.7055
15, 2, 100, 55.7667, 824.7280
15, 2, 101, 56.9692, 969.9480
15, 2, 102, 55.8645, 828.6465
15, 2, 103, 54.4683, 684.1136
15, 2, 104, 54.8842, 721.5515
15, 2, 105, 54.9007, 722.7162
15, 2, 106, 54.6848, 709.7264
15, 2, 107, 54.6781, 715.3646
15, 2, 108, 55.8050, 811.3954
15, 2, 109, 55.4958, 790.1707
15, 2, 110, 54.8331, 733.6724
15, 2, 111, 55.3728, 784.9835
15, 2, 112, 54.9635, 748.4127
15, 2, 113, 54.3120, 658.3959
15, 2, 114, 55.3099, 815.8762
15, 2, 115, 54.7542, 719.9965
15, 2, 116, 55.6893, 898.8556
15, 2, 117, 56.3123, 980.9685
15, 2, 118, 56.5514, 1059.4336
15, 2, 119, 54.5094, 757.6951
15, 2, 120, 54.5506, 777.9826
15, 2, 121, 52.5240, 581.1642
15, 2, 122, 56.2854, 1085.9309
15, 2, 123, 55.2820, 952.0697
15, 2, 124, 54.8294, 863.3190
15, 2, 125, 54.6048, 850.3248
15, 2, 126, 52.2979, 622.8315
15, 2, 127, 54.3496, 813.1264
15, 2, 128, 54.7863, 902.2282
15, 2, 129, 56.1167, 1181.6945
15, 2, 130, 55.7096, 1140.1098
15, 2, 131, 53.3739, 717.6991
15, 2, 132, 54.8429, 925.5742
15, 2, 133, 53.1872, 740.4868
15, 2, 134, 55.3852, 1153.8634
15, 2, 135, 54.7311, 1045.9391
15, 2, 136, 54.9552, 1068.6608
15, 2, 137, 55.2326, 1097.1349
15, 2, 138, 54.9855, 1134.7656
15, 2, 139, 55.9219, 1385.1762
15, 2, 140, 57.2025, 1818.3904
15, 3, 90, 57.6130, 1091.9826
15, 3, 91, 58.5023, 1239.7486
15, 3, 92, 57.9441, 1115.7788
15, 3, 93, 58.5316, 1284.0163
15, 3, 94, 57.5774, 1047.9330
15, 3, 95, 57.3414, 943.5438
15, 3, 96, 58.5355, 1329.9393
15, 3, 97, 57.1961, 1012.9540
15, 3, 98, 57.9532, 1113.1647
15, 3, 99, 56.3793, 812.1537
15, 3, 100, 57.1444, 989.5341
15, 3, 101, 57.4526, 1038.7064
15, 3, 102, 57.4456, 1053.0608
15, 3, 103, 57.4697, 1059.9986
15, 3, 104, 57.5244, 1091.2659
15, 3, 105, 57.2504, 1041.2533
15, 3, 106, 57.0704, 1007.9642
15, 3, 107, 57.2926, 1050.7799
15, 3, 108, 57.7038, 1196.9325
15, 3, 109, 56.4709, 929.0959
15, 3, 110, 56.6834, 973.1903
15, 3, 111, 57.2808, 1120.4880
15, 3, 112, 57.2274, 1128.6442
15, 3, 113, 57.0000, 1072.5402
15, 3, 114, 56.1469, 934.7958
15, 3, 115, 56.6537, 1039.5516
15, 3, 116, 56.6594, 1054.9928
15, 3, 117, 56.3763, 1028.1612
15, 3, 118, 56.7109, 1114.6316
15, 3, 119, 57.6141, 1437.7997
15, 3, 120, 57.0896, 1257.6463
15, 3, 121, 57.0866, 1268.1069
15, 3, 122, 57.1806, 1347.6495
15, 3, 123, 56.7959, 1239.4032
15, 3, 124, 56.7971, 1281.7890
15, 3, 125, 57.1179, 1399.1601
15, 3, 126, 57.1022, 1428.1462
15, 3, 127, 56.6479, 1329.3760
15, 3, 128, 57.1506, 1519.2354
15, 3, 129, 56.9578, 1474.9432
15, 3, 130, 56.6752, 1444.4628
15, 3, 131, 57.4349, 1767.2048
15, 3, 132, 55.9818, 1303.8024
15, 3, 133, 57.5850, 1917.2591
15, 3, 134, 58.6269, 2808.6349
15, 3, 135, 56.9063, 1690.1045
15, 3, 136, 58.0595, 2432.6392
15, 3, 137, 57.1733, 1842.0438
15, 3, 138, 57.8309, 2326.0283
15, 3, 139, 58.1737, 2582.4075
15, 3, 140, 57.7830, 2349.1172
15, 4, 90, 58.7749, 1413.4230
15, 4, 91, 58.8509, 1447.3870
15, 4, 92, 58.7783, 1482.5274
15, 4, 93, 58.3553, 1294.8748
15, 4, 94, 59.0858, 1616.3718
15, 4, 95, 58.6446, 1439.2477
15, 4, 96, 58.4303, 1338.2120
15, 4, 97, 58.1291, 1237.4896
15, 4, 98, 57.7624, 1128.1375
15, 4, 99, 58.6534, 1534.2289
15, 4, 100, 58.1177, 1299.6762
15, 4, 101, 58.7954, 1696.0376
15, 4, 102, 58.5423, 1500.9816
15, 4, 103, 57.7713, 1213.0366
15, 4, 104, 58.8272, 1833.2169
15, 4, 105, 58.2750, 1483.3212
15, 4, 106, 58.0396, 1373.5835
15, 4, 107, 58.2638, 1454.7603
15, 4, 108, 57.5664, 1235.4913
15, 4, 109, 57.5096, 1219.3830
15, 4, 110, 58.2216, 1592.4357
15, 4, 111, 58.2618, 1627.6192
15, 4, 112, 58.2283, 1618.7467
15, 4, 113, 57.7992, 1403.3518
15, 4, 114, 58.0198, 1539.2975
15, 4, 115, 57.6058, 1408.5469
15, 4, 116, 57.6964, 1458.6605
15, 4, 117, 58.1952, 1778.0781
15, 4, 118, 57.7445, 1526.0819
15, 4, 119, 57.7419, 1571.1703
15, 4, 120, 57.3446, 1422.3640
15, 4, 121, 57.9986, 1791.7932
15, 4, 122, 57.3242, 1473.7187
15, 4, 123, 57.7847, 1683.5795
15, 4, 124, 57.9586, 1830.1338
15, 4, 125, 57.8934, 1846.3778
15, 4, 126, 58.3867, 2246.8769
15, 4, 127, 58.2187, 2135.9534
15, 4, 128, 58.0564, 2065.1911
15, 4, 129, 58.0042, 2066.0061
15, 4, 130, 58.2976, 2294.5157
15, 4, 131, 57.6625, 1976.2067
15, 4, 132, 58.2116, 2393.1607
15, 4, 133, 57.7160, 2079.4346
15, 4, 134, 58.0475, 2367.6298
15, 4, 135, 58.0067, 2339.2541
15, 4, 136, 58.1283, 2415.9801
15, 4, 137, 58.2511, 2654.2265
15, 4, 138, 58.5389, 2941.4194
15, 4, 139, 58.4547, 3045.2824
15, 4, 140, 58.1070, 2586.0294
15, 5, 90, 59.6308, 1645.8539
15, 5, 91, 59.4555, 1549.6023
15, 5, 92, 60.1179, 2135.3655
15, 5, 93, 59.0625, 1409.7780
15, 5, 94, 59.3660, 1620.8181
15, 5, 95, 59.3632, 1709.3697
15, 5, 96, 58.7572, 1347.9867
15, 5, 97, 59.2177, 1611.9823
15, 5, 98, 59.2223, 1632.4489
15, 5, 99, 58.9818, 1498.6866
15, 5, 100, 58.8565, 1529.1234
15, 5, 101, 59.2044, 1783.1795
15, 5, 102, 58.7050, 1456.0479
15, 5, 103, 58.2492, 1259.3861
15, 5, 104, 58.7598, 1585.4366
15, 5, 105, 58.6425, 1513.1336
15, 5, 106, 58.2526, 1314.9081
15, 5, 107, 58.5598, 1536.7256
15, 5, 108, 59.1527, 2053.2867
15, 5, 109, 58.5050, 1586.0261
15, 5, 110, 58.3770, 1563.6616
15, 5, 111, 58.7711, 1815.6275
15, 5, 112, 58.0844, 1420.7886
15, 5, 113, 58.1815, 1540.1437
15, 5, 114, 58.2945, 1600.9647
15, 5, 115, 58.0775, 1466.0041
15, 5, 116, 58.8182, 2045.8968
15, 5, 117, 59.0368, 2254.5156
15, 5, 118, 58.4569, 1871.0876
15, 5, 119, 58.6703, 2127.9542
15, 5, 120, 58.8270, 2194.1884
15, 5, 121, 58.3555, 1902.8683
15, 5, 122, 59.4486, 2657.4886
15, 5, 123, 58.3372, 1958.6241
15, 5, 124, 58.1527, 1940.2768
15, 5, 125, 58.5079, 2309.1092
15, 5, 126, 58.2291, 2035.0983
15, 5, 127, 58.6101, 2399.1557
15, 5, 128, 58.3348, 2221.4598
15, 5, 129, 58.2935, 2197.1804
15, 5, 130, 58.8305, 2721.5033
15, 5, 131, 58.4754, 2537.2340
15, 5, 132, 58.5842, 2711.7724
15, 5, 133, 58.4917, 2600.0874
15, 5, 134, 58.5575, 2720.0298
15, 5, 135, 58.6716, 2875.1896
15, 5, 136, 58.6259, 3022.6050
15, 5, 137, 58.3805, 2786.1264
15, 5, 138, 58.7538, 3159.9082
15, 5, 139, 61.0003, 3656.2199
15, 5, 140, 58.6923, 3221.9421
15, 6, 90, 59.8729, 1932.7193
15, 6, 91, 59.6635, 1811.6336
15, 6, 92, 59.8330, 1984.3716
15, 6, 93, 59.6860, 1951.0904
15, 6, 94, 59.2853, 1709.0222
15, 6, 95, 59.1946, 1678.1778
15, 6, 96, 59.8835, 2164.5378
15, 6, 97, 59.9062, 2302.1036
15, 6, 98, 59.3881, 1996.9421
15, 6, 99, 59.4322, 1980.7753
15, 6, 100, 58.3883, 1359.6738
15, 6, 101, 59.9032, 2421.1127
15, 6, 102, 58.8419, 1683.4541
15, 6, 103, 59.1778, 1972.5921
15, 6, 104, 58.7389, 1655.4974
15, 6, 105, 59.4366, 2205.8784
15, 6, 106, 59.4010, 2279.2311
15, 6, 107, 58.5835, 1642.7081
15, 6, 108, 59.0170, 2009.0295
15, 6, 109, 58.6232, 1758.3163
15, 6, 110, 58.6457, 1727.3635
15, 6, 111, 58.7079, 1880.4652
15, 6, 112, 58.5662, 1812.0144
15, 6, 113, 58.5865, 1859.2462
15, 6, 114, 58.7118, 1955.0424
15, 6, 115, 58.6958, 2034.9199
15, 6, 116, 58.7818, 2125.2469
15, 6, 117, 59.0201, 2290.8806
15, 6, 118, 60.0961, 2904.4636
15, 6, 119, 58.5274, 1941.7391
15, 6, 120, 58.9120, 2321.1979
15, 6, 121, 59.1492, 2505.8617
15, 6, 122, 59.7649, 2893.1524
15, 6, 123, 58.6480, 2306.5895
15, 6, 124, 58.4246, 2167.8622
15, 6, 125, 58.9227, 2480.8188
15, 6, 126, 58.4543, 2317.5521
15, 6, 127, 59.1108, 2525.5571
15, 6, 128, 58.6643, 2409.8862
15, 6, 129, 58.7922, 2589.0762
15, 6, 130, 59.0476, 2699.7677
15, 6, 131, 58.7174, 2646.3793
15, 6, 132, 58.7597, 2772.2479
15, 6, 133, 58.4786, 2684.9014
15, 6, 134, 58.6141, 2865.1305
15, 6, 135, 58.9090, 2892.9294
15, 6, 136, 58.9155, 2917.0407
15, 6, 137, 58.7484, 3013.5665
15, 6, 138, 59.4356, 2973.2183
15, 6, 139, 60.6654, 3661.4276
15, 6, 140, 58.6428, 3101.4307
15, 7, 90, 59.9107, 2018.3812
15, 7, 91, 60.6776, 2738.8463
15, 7, 92, 59.9387, 2175.4591
15, 7, 93, 59.6751, 2007.9926
15, 7, 94, 60.1498, 2470.5750
15, 7, 95, 60.1908, 2441.7614
15, 7, 96, 60.0537, 2504.0100
15, 7, 97, 60.7164, 3002.3714
15, 7, 98, 59.4674, 2153.8768
15, 7, 99, 60.6593, 2961.4751
15, 7, 100, 59.0667, 1802.7941
15, 7, 101, 59.3684, 2140.0902
15, 7, 102, 59.9096, 2562.4388
15, 7, 103, 60.4373, 2978.9068
15, 7, 104, 60.4251, 3004.1759
15, 7, 105, 59.9732, 2575.9166
15, 7, 106, 59.1072, 2110.9127
15, 7, 107, 58.9291, 2015.6135
15, 7, 108, 58.8076, 1905.0846
15, 7, 109, 58.9850, 2106.6951
15, 7, 110, 58.9503, 2165.1130
15, 7, 111, 59.0139, 2252.2795
15, 7, 112, 58.9399, 2150.4336
15, 7, 113, 60.1094, 2985.6331
15, 7, 114, 58.6410, 1995.5411
15, 7, 115, 58.9672, 2315.1282
15, 7, 116, 58.6144, 2009.7365
15, 7, 117, 58.6029, 2080.3424
15, 7, 118, 58.9363, 2294.1677
15, 7, 119, 59.3886, 2715.6058
15, 7, 120, 59.1772, 2534.0538
15, 7, 121, 60.5941, 3328.0122
15, 7, 122, 59.6185, 2879.3002
15, 7, 123, 59.8960, 3254.0369
15, 7, 124, 58.7162, 2524.6570
15, 7, 125, 63.7729, 5315.8824
15, 7, 126, 58.8581, 2549.5122
15, 7, 127, 59.2951, 2878.5008
15, 7, 128, 60.0207, 3112.8520
15, 7, 129, 58.6403, 2615.9989
15, 7, 130, 59.4903, 2899.7739
15, 7, 131, 58.9523, 2817.0527
15, 7, 132, 59.0837, 2910.6420
15, 7, 133, 58.7181, 2952.3955
15, 7, 134, 59.6833, 3153.0675
15, 7, 135, 58.8923, 3068.4223
15, 7, 136, 58.9877, 2990.1187
15, 7, 137, 61.3379, 4178.2019
15, 7, 138, 58.9963, 3144.5884
15, 7, 139, 59.4375, 3004.8366
15, 7, 140, 59.0264, 2852.2264
15, 8, 90, 61.8328, 3459.7907
15, 8, 91, 60.3409, 2269.6911
15, 8, 92, 62.4957, 3964.8776
15, 8, 93, 61.6211, 3396.2585
15, 8, 94, 60.1428, 2404.6725
15, 8, 95, 62.1240, 3681.6183
15, 8, 96, 61.4505, 3408.1239
15, 8, 97, 63.1893, 4619.1165
15, 8, 98, 60.9403, 2964.0053
15, 8, 99, 62.3615, 3943.4044
15, 8, 100, 62.4308, 4029.1915
15, 8, 101, 60.9132, 3070.5962
15, 8, 102, 60.5817, 2824.7592
15, 8, 103, 61.2978, 3307.3953
15, 8, 104, 63.8352, 5074.0092
15, 8, 105, 60.8095, 3078.5296
15, 8, 106, 62.3064, 4078.9911
15, 8, 107, 60.0675, 2619.5362
15, 8, 108, 66.0206, 6633.1089
15, 8, 109, 59.8794, 2519.1256
15, 8, 110, 59.2176, 2206.2122
15, 8, 111, 60.1969, 2813.5325
15, 8, 112, 60.0945, 2920.9943
15, 8, 113, 59.3761, 2333.6283
15, 8, 114, 60.7503, 3227.2555
15, 8, 115, 60.6223, 3279.6534
15, 8, 116, 61.8021, 4119.5991
15, 8, 117, 60.1601, 2992.6593
15, 8, 118, 60.9324, 3302.9835
15, 8, 119, 59.6570, 2715.2309
15, 8, 120, 60.8892, 3395.7793
15, 8, 121, 59.6471, 2662.1962
15, 8, 122, 59.0897, 2410.0785
15, 8, 123, 59.3917, 2610.3490
15, 8, 124, 59.1609, 2435.1932
15, 8, 125, 60.6683, 3217.2556
15, 8, 126, 59.7906, 2886.0933
15, 8, 127, 59.8271, 2878.5975
15, 8, 128, 60.6848, 3597.4902
15, 8, 129, 62.3997, 4333.2392
15, 8, 130, 60.1553, 3138.6948
15, 8, 131, 59.4569, 2896.2403
15, 8, 132, 61.4760, 3828.8931
15, 8, 133, 59.9073, 2971.0014
15, 8, 134, 64.1173, 5779.9106
15, 8, 135, 59.1187, 2734.7538
15, 8, 136, 62.1497, 4654.6929
15, 8, 137, 58.9610, 2783.7041
15, 8, 138, 59.7625, 2906.6071
15, 8, 139, 62.8389, 4943.6752
15, 8, 140, 59.4169, 2805.4657
15, 9, 90, 60.6607, 2447.7757
15, 9, 91, 61.7496, 3116.5671
15, 9, 92, 62.0801, 3496.9716
15, 9, 93, 61.1158, 2840.1246
15, 9, 94, 63.4170, 4598.5734
15, 9, 95, 61.9698, 3496.2672
15, 9, 96, 60.1810, 2299.7845
15, 9, 97, 61.2335, 3107.2736
15, 9, 98, 65.2231, 5907.0616
15, 9, 99, 60.5823, 2672.8908
15, 9, 100, 60.7384, 2770.4056
15, 9, 101, 62.1928, 3546.6517
15, 9, 102, 62.0929, 3856.0960
15, 9, 103, 60.9197, 2970.1729
15, 9, 104, 61.1435, 3139.2052
15, 9, 105, 60.9994, 3067.1932
15, 9, 106, 62.3638, 3935.1118
15, 9, 107, 63.8082, 4978.8551
15, 9, 108, 59.2239, 2034.1470
15, 9, 109, 63.1415, 4421.9654
15, 9, 110, 60.1792, 2790.4551
15, 9, 111, 60.0944, 2584.9771
15, 9, 112, 60.1957, 2663.4669
15, 9, 113, 59.7442, 2521.2129
15, 9, 114, 62.4096, 4330.5945
15, 9, 115, 60.2481, 2855.5101
15, 9, 116, 61.4433, 3462.1593
15, 9, 117, 59.2271, 2368.9256
15, 9, 118, 63.8098, 4887.7994
15, 9, 119, 62.3390, 4248.2283
15, 9, 120, 60.1891, 2739.4378
15, 9, 121, 59.1680, 2328.1426
15, 9, 122, 60.4711, 3069.4501
15, 9, 123, 61.3171, 3493.0515
15, 9, 124, 60.1394, 2932.4759
15, 9, 125, 62.8099, 4547.6682
15, 9, 126, 59.7689, 2690.3178
15, 9, 127, 59.5687, 2583.5791
15, 9, 128, 59.3656, 2491.8099
15, 9, 129, 66.8335, 6966.5601
15, 9, 130, 58.9752, 2592.9265
15, 9, 131, 63.5000, 5008.4546
15, 9, 132, 60.6169, 3165.3252
15, 9, 133, 60.8640, 3252.8733
15, 9, 134, 60.8865, 3533.4206
15, 9, 135, 59.6200, 2724.0099
15, 9, 136, 59.2078, 2761.3168
15, 9, 137, 59.4746, 2610.8935
15, 9, 138, 62.6683, 4347.3880
15, 9, 139, 60.5093, 3164.8452
15, 9, 140, 60.0867, 3154.6356
15, 10, 90, 68.0897, 7577.9101
15, 10, 91, 61.7024, 2944.1740
15, 10, 92, 65.1610, 5013.9570
15, 10, 93, 67.0826, 6765.9957
15, 10, 94, 65.6333, 5535.5266
15, 10, 95, 63.2904, 3765.6635
15, 10, 96, 61.4155, 3003.8991
15, 10, 97, 61.2484, 3023.1975
15, 10, 98, 62.1954, 3397.0675
15, 10, 99, 62.5430, 3499.1427
15, 10, 100, 61.6003, 3251.3028
15, 10, 101, 65.2293, 5636.9115
15, 10, 102, 66.1298, 6152.9030
15, 10, 103, 65.5087, 5505.3827
15, 10, 104, 66.1453, 6288.0595
15, 10, 105, 62.0635, 3665.1978
15, 10, 106, 66.2379, 6462.1025
15, 10, 107, 60.0748, 2273.6153
15, 10, 108, 61.5698, 3260.3476
15, 10, 109, 60.2964, 2627.6428
15, 10, 110, 61.4537, 2953.0373
15, 10, 111, 69.3193, 8604.8653
15, 10, 112, 64.3984, 4784.2001
15, 10, 113, 60.1817, 2397.6340
15, 10, 114, 63.0905, 4472.7981
15, 10, 115, 70.4510, 9880.5940
15, 10, 116, 62.0329, 3750.2117
15, 10, 117, 62.7629, 4123.6572
15, 10, 118, 62.1525, 3968.2704
15, 10, 119, 64.0168, 4959.2886
15, 10, 120, 61.2011, 3233.8571
15, 10, 121, 61.9031, 3345.6148
15, 10, 122, 60.3085, 2519.6927
15, 10, 123, 61.4258, 3634.6123
15, 10, 124, 61.2825, 3030.6445
15, 10, 125, 60.0025, 2498.2322
15, 10, 126, 65.2323, 6133.6904
15, 10, 127, 60.3717, 2580.3029
15, 10, 128, 72.5357, 11543.2369
15, 10, 129, 60.6469, 2911.8875
15, 10, 130, 62.7092, 4120.9788
15, 10, 131, 59.5128, 2421.0686
15, 10, 132, 61.1331, 3510.2167
15, 10, 133, 61.6851, 3681.8234
15, 10, 134, 61.3656, 3351.0052
15, 10, 135, 59.9436, 2641.5837
15, 10, 136, 61.8208, 3650.4851
15, 10, 137, 61.7756, 3508.1972
15, 10, 138, 63.7884, 4522.3321
15, 10, 139, 61.7685, 3556.7376
15, 10, 140, 61.3604, 3560.9890
16, 1, 90, 49.4703, 496.3400
16, 1, 91, 47.5488, 439.0222
16, 1, 92, 47.0008, 404.7078
16, 1, 93, 49.9456, 484.6748
16, 1, 94, 46.9606, 380.6009
16, 1, 95, 45.7617, 349.0244
16, 1, 96, 45.9194, 350.8535
16, 1, 97, 45.9415, 334.7370
16, 1, 98, 45.0010, 318.2012
16, 1, 99, 44.2133, 299.5876
16, 1, 100, 45.8884, 324.0762
16, 1, 101, 47.6694, 353.8337
16, 1, 102, 43.2194, 245.7156
16, 1, 103, 46.4440, 312.8787
16, 1, 104, 48.0878, 350.2362
16, 1, 105, 45.0565, 276.2837
16, 1, 106, 44.2921, 255.9425
16, 1, 107, 43.9422, 251.5415
16, 1, 108, 46.3934, 298.1842
16, 1, 109, 49.0246, 361.3590
16, 1, 110, 42.4387, 217.7633
16, 1, 111, 43.4196, 225.6913
16, 1, 112, 43.1781, 212.0188
16, 1, 113, 45.2624, 253.4471
16, 1, 114, 42.2392, 200.1542
16, 1, 115, 46.3321, 277.3809
16, 1, 116, 46.1245, 274.1343
16, 1, 117, 45.3547, 252.3459
16, 1, 118, 43.7075, 219.5285
16, 1, 119, 46.1474, 269.2498
16, 1, 120, 41.7052, 189.9136
16, 1, 121, 42.2167, 195.0189
16, 1, 122, 42.7324, 199.9186
16, 1, 123, 50.1323, 415.7762
16, 1, 124, 43.1761, 209.1684
16, 1, 125, 39.6090, 152.3327
16, 1, 126, 45.6129, 265.5350
16, 1, 127, 40.4913, 161.4937
16, 1, 128, 46.8692, 303.8610
16, 1, 129, 41.9007, 182.1975
16, 1, 130, 42.9754, 200.0257
16, 1, 131, 44.5514, 232.7210
16, 1, 132, 39.8195, 153.1084
16, 1, 133, 46.4163, 303.7176
16, 1, 134, 43.9938, 245.4121
16, 1, 135, 47.1799, 338.3407
16, 1, 136, 39.1777, 144.2183
16, 1, 137, 46.2041, 307.0131
16, 1, 138, 41.3923, 183.7722
16, 1, 139, 42.2084, 204.4089
16, 1, 140, 44.5381, 264.7936
16, 2, 90, 56.3903, 918.8899
16, 2, 91, 55.4438, 815.4900
16, 2, 92, 56.4973, 918.8471
16, 2, 93, 56.2105, 791.1319
16, 2, 94, 54.9104, 732.7766
16, 2, 95, 55.0835, 734.8425
16, 2, 96, 55.6436, 799.4239
16, 2, 97, 55.4919, 771.2400
16, 2, 98, 55.4610, 766.3859
16, 2, 99, 54.8019, 710.7122
16, 2, 100, 54.2959, 676.7674
16, 2, 101, 54.3946, 618.7045
16, 2, 102, 55.6898, 776.5260
16, 2, 103, 53.2843, 544.1954
16, 2, 104, 55.5479, 750.9717
16, 2, 105, 54.7171, 676.4694
16, 2, 106, 55.0322, 713.5118
16, 2, 107, 54.2642, 642.9675
16, 2, 108, 54.9996, 709.5368
16, 2, 109, 53.6433, 585.6444
16, 2, 110, 56.1807, 878.5392
16, 2, 111, 55.3607, 768.0818
16, 2, 112, 54.2691, 654.6446
16, 2, 113, 54.8211, 715.5950
16, 2, 114, 53.6243, 608.5882
16, 2, 115, 55.5745, 829.5113
16, 2, 116, 54.2016, 674.1438
16, 2, 117, 54.3530, 687.5009
16, 2, 118, 53.7890, 641.5402
16, 2, 119, 56.0353, 947.6730
16, 2, 120, 55.9503, 960.1816
16, 2, 121, 53.4781, 633.5240
16, 2, 122, 56.9628, 1256.5243
16, 2, 123, 55.2526, 890.4356
16, 2, 124, 53.8161, 699.8849
16, 2, 125, 53.1440, 633.3844
16, 2, 126, 56.3686, 1157.1685
16, 2, 127, 54.9868, 897.0049
16, 2, 128, 54.5776, 840.4884
16, 2, 129, 54.4018, 847.6715
16, 2, 130, 54.8107, 923.2906
16, 2, 131, 54.9239, 938.8153
16, 2, 132, 55.0189, 1008.7010
16, 2, 133, 53.6863, 781.9949
16, 2, 134, 55.2891, 1074.7287
16, 2, 135, 55.1194, 1041.1996
16, 2, 136, 51.6650, 577.2543
16, 2, 137, 55.4730, 1183.2104
16, 2, 138, 55.2424, 1158.8792
16, 2, 139, 55.8495, 1374.9776
16, 2, 140, 51.7312, 621.1134
16, 3, 90, 58.5561, 1299.5037
16, 3, 91, 58.2846, 1222.0798
16, 3, 92, 57.5568, 1072.8586
16, 3, 93, 57.5055, 1071.0241
16, 3, 94, 57.5115, 1067.2009
16, 3, 95, 57.4139, 1062.8266
16, 3, 96, 57.3427, 1024.2458
16, 3, 97, 57.4153, 1039.4506
16, 3, 98, 56.6136, 902.2081
16, 3, 99, 57.2209, 998.2425
16, 3, 100, 56.0022, 778.2483
16, 3, 101, 57.3678, 1050.2319
16, 3, 102, 57.0546, 981.6109
16, 3, 103, 56.8399, 964.7430
16, 3, 104, 56.9662, 993.1694
16, 3, 105, 56.9596, 999.4684
16, 3, 106, 57.1160, 1019.2218
16, 3, 107, 57.4145, 1107.7295
16, 3, 108, 57.0074, 1029.5884
16, 3, 109, 56.9590, 1019.5430
16, 3, 110, 57.4212, 1164.5257
16, 3, 111, 56.4027, 951.6070
16, 3, 112, 55.5478, 813.5160
16, 3, 113, 57.0491, 1112.3710
16, 3, 114, 56.4918, 996.2046
16, 3, 115, 57.0514, 1139.4462
16, 3, 116, 56.6765, 1061.5661
16, 3, 117, 57.1862, 1206.1473
16, 3, 118, 56.6152, 1080.7867
16, 3, 119, 56.9555, 1175.2022
16, 3, 120, 56.3970, 1047.1602
16, 3, 121, 56.7950, 1192.1202
16, 3, 122, 56.0020, 1035.4610
16, 3, 123, 57.2719, 1395.4419
16, 3, 124, 55.3338, 899.5942
16, 3, 125, 56.0014, 1053.9119
16, 3, 126, 57.0459, 1371.8862
16, 3, 127, 56.5591, 1264.0897
16, 3, 128, 56.5466, 1302.6127
16, 3, 129, 56.7145, 1324.7962
16, 3, 130, 56.7113, 1381.4485
16, 3, 131, 57.1652, 1553.1311
16, 3, 132, 56.1361, 1207.3087
16, 3, 133, 56.7971, 1487.5219
16, 3, 134, 57.1311, 1654.9535
16, 3, 135, 56.2707, 1346.6135
16, 3, 136, 57.0009, 1664.2850
16, 3, 137, 56.8844, 1612.8357
16, 3, 138, 56.6126, 1528.3859
16, 3, 139, 57.3098, 1918.0623
16, 3, 140, 57.1812, 1867.2774
16, 4, 90, 58.5334, 1236.6902
16, 4, 91, 59.1427, 1493.6167
16, 4, 92, 58.4237, 1216.4122
16, 4, 93, 59.2214, 1619.8763
16, 4, 94, 58.6516, 1341.9458
16, 4, 95, 58.5213, 1267.6133
16, 4, 96, 58.1558, 1173.7252
16, 4, 97, 58.3928, 1258.0221
16, 4, 98, 58.5429, 1396.3897
16, 4, 99, 58.0753, 1186.7209
16, 4, 100, 57.7061, 1086.7262
16, 4, 101, 57.7899, 1142.0091
16, 4, 102, 58.1090, 1247.7463
16, 4, 103, 58.7769, 1642.2054
16, 4, 104, 57.8236, 1185.8757
16, 4, 105, 57.7679, 1177.2737
16, 4, 106, 57.9255, 1253.4697
16, 4, 107, 58.0831, 1319.7747
16, 4, 108, 56.7514, 968.2349
16, 4, 109, 58.2275, 1540.5632
16, 4, 110, 57.5525, 1180.3215
16, 4, 111, 57.6253, 1224.7519
16, 4, 112, 58.1537, 1534.0194
16, 4, 113, 57.3009, 1153.3891
16, 4, 114, 57.9161, 1448.9625
16, 4, 115, 57.2334, 1213.5726
16, 4, 116, 57.4317, 1297.5296
16, 4, 117, 57.6334, 1393.5235
16, 4, 118, 57.8369, 1531.6540
16, 4, 119, 57.8041, 1540.6622
16, 4, 120, 57.7399, 1565.8042
16, 4, 121, 57.4633, 1457.9307
16, 4, 122, 58.1998, 1931.0704
16, 4, 123, 57.6312, 1586.9229
16, 4, 124, 57.8620, 1742.7163
16, 4, 125, 57.5304, 1626.6376
16, 4, 126, 57.3750, 1596.9987
16, 4, 127, 58.0977, 2014.0477
16, 4, 128, 57.6810, 1791.8624
16, 4, 129, 57.1545, 1617.9702
16, 4, 130, 58.0053, 2071.0428
16, 4, 131, 58.0314, 2148.9177
16, 4, 132, 58.4226, 2490.2570
16, 4, 133, 58.1567, 2322.3044
16, 4, 134, 57.6335, 2066.8794
16, 4, 135, 57.9359, 2438.0628
16, 4, 136, 57.8270, 2228.4815
16, 4, 137, 57.7328, 2188.2462
16, 4, 138, 58.0211, 2413.6416
16, 4, 139, 57.8998, 2529.6939
16, 4, 140, 58.4516, 2953.1358
16, 5, 90, 59.0961, 1492.7450
16, 5, 91, 60.5316, 2541.5531
16, 5, 92, 59.4367, 1721.9015
16, 5, 93, 58.9633, 1512.8246
16, 5, 94, 58.8964, 1509.2105
16, 5, 95, 59.2677, 1735.8860
16, 5, 96, 58.5257, 1390.3790
16, 5, 97, 58.7881, 1521.2838
16, 5, 98, 58.4987, 1373.5179
16, 5, 99, 58.7390, 1545.9817
16, 5, 100, 58.1393, 1288.9797
16, 5, 101, 58.8564, 1711.5892
16, 5, 102, 58.5668, 1553.3277
16, 5, 103, 58.6384, 1642.1154
16, 5, 104, 58.2641, 1396.7241
16, 5, 105, 58.3781, 1527.2485
16, 5, 106, 58.1955, 1415.4791
16, 5, 107, 58.4233, 1634.9242
16, 5, 108, 59.2990, 2312.9873
16, 5, 109, 58.2959, 1547.7766
16, 5, 110, 58.0559, 1380.8724
16, 5, 111, 58.1173, 1496.2675
16, 5, 112, 58.4254, 1772.7950
16, 5, 113, 58.1155, 1543.5021
16, 5, 114, 58.2135, 1685.0958
16, 5, 115, 58.3123, 1748.4775
16, 5, 116, 57.8988, 1479.0069
16, 5, 117, 58.1367, 1690.8174
16, 5, 118, 58.2303, 1774.0588
16, 5, 119, 58.2170, 1800.3449
16, 5, 120, 58.4151, 2029.2058
16, 5, 121, 58.3376, 1907.3710
16, 5, 122, 58.0347, 1752.3338
16, 5, 123, 58.3476, 1987.0429
16, 5, 124, 58.9096, 2376.9662
16, 5, 125, 58.6244, 2299.4168
16, 5, 126, 58.2829, 2051.0839
16, 5, 127, 58.3068, 2161.8477
16, 5, 128, 58.4704, 2319.6366
16, 5, 129, 58.7633, 2473.2947
16, 5, 130, 58.6278, 2479.6845
16, 5, 131, 58.5963, 2520.0755
16, 5, 132, 57.9978, 2054.8679
16, 5, 133, 58.5440, 2572.6403
16, 5, 134, 58.1642, 2288.7123
16, 5, 135, 58.3775, 2529.1772
16, 5, 136, 58.3849, 2558.0266
16, 5, 137, 58.3568, 2550.0236
16, 5, 138, 58.8801, 2936.4067
16, 5, 139, 58.5108, 2836.7373
16, 5, 140, 58.4993, 2886.4859
16, 6, 90, 59.4636, 1606.6954
16, 6, 91, 60.2542, 2152.4777
16, 6, 92, 60.9556, 2874.8471
16, 6, 93, 59.1370, 1499.0225
16, 6, 94, 59.5190, 1832.2149
16, 6, 95, 59.9634, 2225.7592
16, 6, 96, 60.8117, 2840.8744
16, 6, 97, 59.1873, 1679.7813
16, 6, 98, 60.0919, 2462.5859
16, 6, 99, 58.4482, 1323.2230
16, 6, 100, 59.1727, 1795.9881
16, 6, 101, 58.6102, 1519.8633
16, 6, 102, 59.2322, 1891.5078
16, 6, 103, 58.6132, 1523.4033
16, 6, 104, 58.7927, 1666.3530
16, 6, 105, 58.8936, 1742.1475
16, 6, 106, 58.8746, 1840.4375
16, 6, 107, 59.4368, 2225.6902
16, 6, 108, 58.7776, 1776.6362
16, 6, 109, 58.3024, 1588.7401
16, 6, 110, 58.7285, 1782.0034
16, 6, 111, 58.1983, 1478.9709
16, 6, 112, 58.5284, 1769.1673
16, 6, 113, 58.5633, 1823.2960
16, 6, 114, 59.0975, 2170.9432
16, 6, 115, 58.3899, 1781.2857
16, 6, 116, 58.3348, 1746.5709
16, 6, 117, 58.5026, 1954.5907
16, 6, 118, 58.1954, 1733.1630
16, 6, 119, 58.7620, 2118.6710
16, 6, 120, 58.1374, 1774.4268
16, 6, 121, 58.8173, 2235.4934
16, 6, 122, 58.3024, 1964.5332
16, 6, 123, 58.3576, 2033.8671
16, 6, 124, 58.4384, 2049.6816
16, 6, 125, 58.5450, 2246.4282
16, 6, 126, 58.4248, 2185.7333
16, 6, 127, 58.1487, 2032.3027
16, 6, 128, 58.6466, 2474.7314
16, 6, 129, 58.6472, 2428.0129
16, 6, 130, 58.1212, 2106.4284
16, 6, 131, 59.2373, 2679.3164
16, 6, 132, 58.5756, 2554.7624
16, 6, 133, 58.9429, 2727.9233
16, 6, 134, 58.4800, 2694.3519
16, 6, 135, 58.7588, 2649.6010
16, 6, 136, 58.5147, 2793.2433
16, 6, 137, 59.0888, 2854.5911
16, 6, 138, 58.8235, 2817.3141
16, 6, 139, 58.6003, 3015.3327
16, 6, 140, 58.5965, 3001.0464
16, 7, 90, 59.8420, 2016.3898
16, 7, 91, 60.1371, 2326.1392
16, 7, 92, 59.6817, 1944.0870
16, 7, 93, 59.4243, 1825.2147
16, 7, 94, 59.3504, 1825.6820
16, 7, 95, 61.4413, 3357.0754
16, 7, 96, 59.5374, 2076.3183
16, 7, 97, 59.5902, 2182.7056
16, 7, 98, 58.6736, 1508.9647
16, 7, 99, 60.8297, 3136.2230
16, 7, 100, 58.5881, 1519.3821
16, 7, 101, 59.7265, 2346.6191
16, 7, 102, 58.9877, 1903.7263
16, 7, 103, 59.0154, 1920.3927
16, 7, 104, 58.9440, 1892.3961
16, 7, 105, 59.2054, 2133.7229
16, 7, 106, 61.3279, 3613.7414
16, 7, 107, 59.9073, 2723.7586
16, 7, 108, 58.1047, 1458.7263
16, 7, 109, 58.5752, 1819.0491
16, 7, 110, 58.5494, 1847.4661
16, 7, 111, 59.0423, 2170.3969
16, 7, 112, 60.2962, 3090.8387
16, 7, 113, 58.7763, 2055.2987
16, 7, 114, 58.2219, 1727.4566
16, 7, 115, 58.9669, 2307.3989
16, 7, 116, 58.4302, 1935.7075
16, 7, 117, 58.5649, 2151.2145
16, 7, 118, 58.8189, 2204.5949
16, 7, 119, 59.0452, 2389.7110
16, 7, 120, 58.5483, 2060.4898
16, 7, 121, 60.9927, 3676.6115
16, 7, 122, 59.0394, 2451.8394
16, 7, 123, 58.8799, 2381.0554
16, 7, 124, 58.3800, 2199.3525
16, 7, 125, 58.5859, 2334.6820
16, 7, 126, 58.6116, 2438.0926
16, 7, 127, 58.8005, 2420.7989
16, 7, 128, 58.7143, 2441.3970
16, 7, 129, 59.0683, 2663.9165
16, 7, 130, 58.4297, 2446.6797
16, 7, 131, 59.5787, 2803.1637
16, 7, 132, 59.4604, 2730.6058
16, 7, 133, 58.5913, 2564.0401
16, 7, 134, 59.7660, 3137.8092
16, 7, 135, 58.6713, 2785.7451
16, 7, 136, 58.6689, 2857.3219
16, 7, 137, 58.8081, 2866.1454
16, 7, 138, 58.4815, 2976.9696
16, 7, 139, 58.7579, 2961.9646
16, 7, 140, 58.7137, 2967.9692
16, 8, 90, 60.2166, 2145.6618
16, 8, 91, 63.3767, 4499.9907
16, 8, 92, 61.2119, 2968.3673
16, 8, 93, 63.1911, 4331.5681
16, 8, 94, 60.4722, 2465.7053
16, 8, 95, 60.5655, 2551.8769
16, 8, 96, 61.6983, 3370.6150
16, 8, 97, 60.7012, 2737.9829
16, 8, 98, 59.8980, 2213.9234
16, 8, 99, 59.4566, 1995.8030
16, 8, 100, 60.4765, 2619.8541
16, 8, 101, 63.6230, 4948.2705
16, 8, 102, 61.1600, 3077.7059
16, 8, 103, 59.7905, 2247.6100
16, 8, 104, 60.4780, 2889.6096
16, 8, 105, 59.5702, 2242.4626
16, 8, 106, 59.2351, 1996.6740
16, 8, 107, 60.8152, 2982.5618
16, 8, 108, 59.1080, 1999.8465
16, 8, 109, 60.3314, 2794.8888
16, 8, 110, 60.5871, 2898.0072
16, 8, 111, 59.6634, 2361.7708
16, 8, 112, 61.4153, 3481.5612
16, 8, 113, 59.5844, 2339.9950
16, 8, 114, 61.1104, 3364.9184
16, 8, 115, 58.6316, 1876.7539
16, 8, 116, 60.5023, 3027.3998
16, 8, 117, 59.8529, 2627.5454
16, 8, 118, 60.9419, 3319.5707
16, 8, 119, 60.3161, 3003.8449
16, 8, 120, 59.4740, 2453.8365
16, 8, 121, 59.1289, 2343.9620
16, 8, 122, 60.3220, 2987.9306
16, 8, 123, 58.9097, 2238.7460
16, 8, 124, 58.9685, 2234.7995
16, 8, 125, 61.2837, 3603.3655
16, 8, 126, 60.4965, 3076.0238
16, 8, 127, 59.8811, 2759.1262
16, 8, 128, 61.0018, 3211.0811
16, 8, 129, 59.0234, 2395.5786
16, 8, 130, 59.0796, 2487.4931
16, 8, 131, 59.0905, 2490.0911
16, 8, 132, 58.9266, 2421.3193
16, 8, 133, 59.2659, 2499.0855
16, 8, 134, 58.7987, 2533.5607
16, 8, 135, 59.3090, 2740.1868
16, 8, 136, 58.8688, 2661.7555
16, 8, 137, 60.5705, 3449.2635
16, 8, 138, 59.1315, 2534.3157
16, 8, 139, 58.8356, 2860.9829
16, 8, 140, 59.2003, 2731.6067
16, 9, 90, 66.7220, 6537.0823
16, 9, 91, 61.2514, 3182.6162
16, 9, 92, 64.3255, 5049.9222
16, 9, 93, 60.2165, 2306.4968
16, 9, 94, 62.4974, 3899.7961
16, 9, 95, 60.6598, 2660.1442
16, 9, 96, 60.7042, 2770.0207
16, 9, 97, 59.9062, 2354.0193
16, 9, 98, 68.4391, 8537.9013
16, 9, 99, 60.8336, 2870.2150
16, 9, 100, 60.2107, 2402.4546
16, 9, 101, 60.0980, 2526.0506
16, 9, 102, 60.5210, 2898.6309
16, 9, 103, 59.8781, 2329.7901
16, 9, 104, 61.9694, 3493.3429
16, 9, 105, 61.8568, 3499.8511
16, 9, 106, 62.2481, 3959.7970
16, 9, 107, 61.2297, 3279.3733
16, 9, 108, 59.7849, 2492.2546
16, 9, 109, 60.4292, 2880.0852
16, 9, 110, 63.2496, 4646.5914
16, 9, 111, 64.5987, 5468.0904
16, 9, 112, 59.5597, 2246.4160
16, 9, 113, 59.5022, 2427.9791
16, 9, 114, 62.6300, 4365.9912
16, 9, 115, 59.2865, 2260.0382
16, 9, 116, 59.4823, 2317.9786
16, 9, 117, 63.6565, 4620.2490
16, 9, 118, 59.6672, 2572.7082
16, 9, 119, 67.1918, 7258.6179
16, 9, 120, 60.9594, 3374.1173
16, 9, 121, 60.7598, 3289.4764
16, 9, 122, 61.6165, 3697.7329
16, 9, 123, 63.9472, 5332.0355
16, 9, 124, 59.9490, 2758.1257
16, 9, 125, 59.7407, 2688.3643
16, 9, 126, 59.5216, 2668.7365
16, 9, 127, 61.1235, 3636.7900
16, 9, 128, 61.6760, 3819.3377
16, 9, 129, 58.9747, 2522.2206
16, 9, 130, 59.9639, 2899.7879
16, 9, 131, 60.4338, 2997.6752
16, 9, 132, 59.4927, 2693.4788
16, 9, 133, 59.4896, 2806.8198
16, 9, 134, 62.7778, 4794.6819
16, 9, 135, 61.9869, 4083.7214
16, 9, 136, 60.1291, 3018.6595
16, 9, 137, 62.1048, 4342.1400
16, 9, 138, 60.5335, 3120.8576
16, 9, 139, 60.0097, 2905.3829
16, 9, 140, 59.0071, 2819.5154
16, 10, 90, 66.8609, 7378.3468
16, 10, 91, 66.7009, 6776.4447
16, 10, 92, 63.2425, 4511.1285
16, 10, 93, 61.3497, 3106.1387
16, 10, 94, 62.6228, 4113.9338
16, 10, 95, 61.8127, 3494.8261
16, 10, 96, 68.8389, 9296.8812
16, 10, 97, 62.2706, 3991.2004
16, 10, 98, 64.4394, 5543.1246
16, 10, 99, 66.5074, 7210.4232
16, 10, 100, 65.7015, 6541.2977
16, 10, 101, 60.9842, 3120.9271
16, 10, 102, 63.7530, 5093.9275
16, 10, 103, 61.5785, 3807.8768
16, 10, 104, 60.4951, 2885.9225
16, 10, 105, 69.1148, 9641.7603
16, 10, 106, 63.5059, 4897.3562
16, 10, 107, 61.0781, 3563.1170
16, 10, 108, 61.3426, 3490.0477
16, 10, 109, 61.1873, 3531.2994
16, 10, 110, 64.5322, 5655.4400
16, 10, 111, 64.5710, 5673.3911
16, 10, 112, 62.6015, 4452.0628
16, 10, 113, 62.9590, 4963.5855
16, 10, 114, 61.9150, 4109.9394
16, 10, 115, 66.6843, 7127.9223
16, 10, 116, 62.5862, 4460.4358
16, 10, 117, 62.7788, 4432.1438
16, 10, 118, 63.1323, 4969.9035
16, 10, 119, 60.1313, 2934.1066
16, 10, 120, 62.0947, 4078.8857
16, 10, 121, 62.7453, 4665.7343
16, 10, 122, 59.3713, 2532.6268
16, 10, 123, 65.3270, 6045.9974
16, 10, 124, 62.2070, 4449.9758
16, 10, 125, 66.6032, 7493.9376
16, 10, 126, 59.1354, 2456.2337
16, 10, 127, 63.1136, 4936.0724
16, 10, 128, 67.2782, 8085.4327
16, 10, 129, 67.0307, 7746.8846
16, 10, 130, 62.8117, 4710.2482
16, 10, 131, 71.3414, 11586.9568
16, 10, 132, 64.0960, 5347.1782
16, 10, 133, 66.6465, 7740.6681
16, 10, 134, 65.9249, 6508.5784
16, 10, 135, 61.0318, 3755.9792
16, 10, 136, 62.4543, 4630.7875
16, 10, 137, 60.1713, 3353.7766
16, 10, 138, 63.5334, 5233.8130
16, 10, 139, 59.9274, 3037.1157
16, 10, 140, 62.6109, 4506.5541
17, 1, 90, 47.5180, 429.6380
17, 1, 91, 49.8561, 521.3178
17, 1, 92, 45.3560, 369.1722
17, 1, 93, 50.5224, 498.3468
17, 1, 94, 48.3539, 406.6589
17, 1, 95, 45.8415, 339.7576
17, 1, 96, 44.8248, 313.7279
17, 1, 97, 44.6503, 312.8697
17, 1, 98, 46.9128, 355.8522
17, 1, 99, 47.4872, 348.5408
17, 1, 100, 43.8899, 276.4357
17, 1, 101, 43.2544, 262.4898
17, 1, 102, 43.4404, 247.0905
17, 1, 103, 44.6070, 269.3632
17, 1, 104, 46.7308, 300.5882
17, 1, 105, 46.1506, 297.9729
17, 1, 106, 43.6426, 243.7243
17, 1, 107, 45.6034, 269.9349
17, 1, 108, 45.5178, 264.7122
17, 1, 109, 46.6511, 284.5362
17, 1, 110, 41.4998, 195.3138
17, 1, 111, 44.5439, 239.5384
17, 1, 112, 43.9601, 227.5120
17, 1, 113, 46.3680, 277.5906
17, 1, 114, 50.4633, 416.5911
17, 1, 115, 49.0882, 353.8798
17, 1, 116, 44.1835, 228.2487
17, 1, 117, 47.6685, 309.3075
17, 1, 118, 42.9901, 199.4372
17, 1, 119, 43.0476, 205.5647
17, 1, 120, 47.1001, 297.6606
17, 1, 121, 41.8244, 180.9316
17, 1, 122, 44.6389, 232.1449
17, 1, 123, 43.6030, 211.2783
17, 1, 124, 46.1261, 267.4449
17, 1, 125, 44.0720, 225.1148
17, 1, 126, 40.7154, 160.6718
17, 1, 127, 40.8792, 166.5171
17, 1, 128, 44.9029, 245.9673
17, 1, 129, 46.1379, 276.5687
17, 1, 130, 43.0912, 203.5476
17, 1, 131, 38.6127, 133.8194
17, 1, 132, 39.8038, 154.5948
17, 1, 133, 38.8982, 134.3922
17, 1, 134, 48.2401, 346.3497
17, 1, 135, 44.2421, 246.8750
17, 1, 136, 43.0552, 222.5411
17, 1, 137, 42.9486, 218.8039
17, 1, 138, 40.2352, 159.3271
17, 1, 139, 40.3652, 166.8041
17, 1, 140, 45.1370, 273.3175
17, 2, 90, 55.1056, 788.0099
17, 2, 91, 55.0693, 827.0254
17, 2, 92, 55.2926, 833.8019
17, 2, 93, 53.9084, 703.3251
17, 2, 94, 56.2906, 896.5806
17, 2, 95, 55.9132, 865.6672
17, 2, 96, 55.0804, 786.3014
17, 2, 97, 54.2793, 704.0047
17, 2, 98, 56.8261, 967.0141
17, 2, 99, 56.9086, 976.5490
17, 2, 100, 57.1084, 1010.2517
17, 2, 101, 55.3748, 783.7074
17, 2, 102, 52.7846, 584.7366
17, 2, 103, 55.3579, 775.8308
17, 2, 104, 50.9182, 454.6294
17, 2, 105, 56.0550, 865.1452
17, 2, 106, 55.1662, 760.1374
17, 2, 107, 55.2185, 772.2282
17, 2, 108, 53.4443, 602.0546
17, 2, 109, 53.4740, 616.0949
17, 2, 110, 54.6386, 722.7614
17, 2, 111, 54.5307, 714.1741
17, 2, 112, 53.0397, 575.6932
17, 2, 113, 53.7709, 642.7445
17, 2, 114, 53.2376, 600.2523
17, 2, 115, 54.7351, 760.1392
17, 2, 116, 53.2205, 621.7983
17, 2, 117, 53.8362, 679.1220
17, 2, 118, 53.1025, 605.1612
17, 2, 119, 52.8492, 602.2982
17, 2, 120, 54.0984, 725.9843
17, 2, 121, 54.3222, 774.4229
17, 2, 122, 56.6491, 1240.5529
17, 2, 123, 54.0076, 775.7032
17, 2, 124, 54.4343, 842.3618
17, 2, 125, 53.4296, 712.1599
17, 2, 126, 54.4943, 865.6046
17, 2, 127, 55.9439, 1189.0865
17, 2, 128, 55.8695, 1157.7227
17, 2, 129, 56.4453, 1335.0949
17, 2, 130, 56.3116, 1346.8204
17, 2, 131, 52.6588, 660.4192
17, 2, 132, 56.8644, 1578.3989
17, 2, 133, 53.7749, 860.5263
17, 2, 134, 55.4098, 1149.4170
17, 2, 135, 53.8884, 902.7691
17, 2, 136, 53.4901, 844.9498
17, 2, 137, 56.0639, 1458.7918
17, 2, 138, 54.9069, 1181.2328
17, 2, 139, 53.3312, 884.3567
17, 2, 140, 55.7645, 1400.2308
17, 3, 90, 57.3669, 1072.0627
17, 3, 91, 55.5549, 794.3501
17, 3, 92, 57.7915, 1090.6494
17, 3, 93, 58.1172, 1135.4978
17, 3, 94, 57.4493, 1011.0547
17, 3, 95, 58.0267, 1140.8789
17, 3, 96, 57.3250, 1024.2389
17, 3, 97, 57.5268, 1042.3305
17, 3, 98, 57.2071, 983.0991
17, 3, 99, 58.5584, 1389.5002
17, 3, 100, 57.2524, 1010.7730
17, 3, 101, 57.5149, 1058.5362
17, 3, 102, 58.1541, 1262.0405
17, 3, 103, 57.6906, 1106.5684
17, 3, 104, 58.0174, 1231.7581
17, 3, 105, 57.2258, 1030.9737
17, 3, 106, 57.0847, 1024.4247
17, 3, 107, 58.5622, 1622.2684
17, 3, 108, 57.4353, 1118.4209
17, 3, 109, 56.5783, 944.9523
17, 3, 110, 56.9886, 1044.3826
17, 3, 111, 57.1755, 1119.1734
17, 3, 112, 57.7001, 1295.9419
17, 3, 113, 56.9632, 1079.8729
17, 3, 114, 56.5541, 1015.3526
17, 3, 115, 57.2057, 1194.0599
17, 3, 116, 57.2761, 1242.6694
17, 3, 117, 57.2801, 1254.3867
17, 3, 118, 56.7188, 1112.1200
17, 3, 119, 57.2681, 1298.6884
17, 3, 120, 56.5299, 1122.0646
17, 3, 121, 57.2561, 1369.0774
17, 3, 122, 56.5292, 1168.9482
17, 3, 123, 55.9706, 1062.4186
17, 3, 124, 57.6338, 1643.9353
17, 3, 125, 57.5256, 1607.9628
17, 3, 126, 57.9146, 1891.6773
17, 3, 127, 57.9465, 1981.6334
17, 3, 128, 57.1954, 1552.0347
17, 3, 129, 57.1917, 1613.6310
17, 3, 130, 56.8726, 1486.0286
17, 3, 131, 57.4098, 1793.3774
17, 3, 132, 57.8612, 2137.9792
17, 3, 133, 56.6517, 1528.4606
17, 3, 134, 57.3151, 1848.6951
17, 3, 135, 57.1502, 1739.2680
17, 3, 136, 57.4306, 1998.3991
17, 3, 137, 57.0740, 1848.4546
17, 3, 138, 56.6994, 1691.4263
17, 3, 139, 57.7156, 2273.6245
17, 3, 140, 57.5678, 2247.9017
17, 4, 90, 59.4805, 1574.2432
17, 4, 91, 59.0828, 1419.5696
17, 4, 92, 59.4399, 1594.8594
17, 4, 93, 58.6875, 1288.1670
17, 4, 94, 58.0945, 1147.2046
17, 4, 95, 58.6002, 1263.9632
17, 4, 96, 58.5771, 1272.7948
17, 4, 97, 58.6243, 1313.7977
17, 4, 98, 58.8709, 1436.8916
17, 4, 99, 58.0134, 1146.6446
17, 4, 100, 58.3264, 1248.6794
17, 4, 101, 57.7076, 1077.0095
17, 4, 102, 58.6506, 1445.8126
17, 4, 103, 58.0373, 1193.7521
17, 4, 104, 57.9603, 1195.5592
17, 4, 105, 58.0218, 1199.0061
17, 4, 106, 57.6117, 1084.9051
17, 4, 107, 57.7503, 1138.6710
17, 4, 108, 57.9673, 1256.4346
17, 4, 109, 57.4773, 1131.4592
17, 4, 110, 58.2535, 1449.8477
17, 4, 111, 57.4232, 1114.6658
17, 4, 112, 58.3238, 1547.2137
17, 4, 113, 58.2030, 1480.8821
17, 4, 114, 57.7029, 1295.9454
17, 4, 115, 58.1300, 1509.4398
17, 4, 116, 57.8965, 1423.2596
17, 4, 117, 58.1169, 1557.1725
17, 4, 118, 58.4242, 1853.2828
17, 4, 119, 58.0192, 1529.5350
17, 4, 120, 58.0440, 1618.8254
17, 4, 121, 57.7234, 1504.0337
17, 4, 122, 57.9778, 1659.3003
17, 4, 123, 57.7084, 1525.4844
17, 4, 124, 58.1328, 1823.4113
17, 4, 125, 57.5146, 1529.6998
17, 4, 126, 57.9058, 1728.3069
17, 4, 127, 57.6863, 1651.2388
17, 4, 128, 58.5126, 2305.9613
17, 4, 129, 57.8520, 1831.4607
17, 4, 130, 58.1551, 2073.5188
17, 4, 131, 58.2628, 2193.8577
17, 4, 132, 58.2161, 2289.7770
17, 4, 133, 58.5616, 2676.7547
17, 4, 134, 57.9400, 2120.8493
17, 4, 135, 58.4422, 2700.2974
17, 4, 136, 58.3447, 2526.2970
17, 4, 137, 58.2493, 2440.8741
17, 4, 138, 58.3822, 2683.1336
17, 4, 139, 58.3985, 2655.0450
17, 4, 140, 58.7867, 3265.4910
17, 5, 90, 60.1587, 2083.4471
17, 5, 91, 59.0479, 1445.9985
17, 5, 92, 58.5250, 1227.0642
17, 5, 93, 59.1175, 1515.8509
17, 5, 94, 58.9917, 1482.7821
17, 5, 95, 59.2248, 1650.4167
17, 5, 96, 59.5880, 1965.8913
17, 5, 97, 59.3332, 1836.1433
17, 5, 98, 60.1410, 2509.7064
17, 5, 99, 58.6753, 1415.7595
17, 5, 100, 59.0492, 1753.9018
17, 5, 101, 58.6189, 1483.1606
17, 5, 102, 58.8516, 1668.3931
17, 5, 103, 58.5746, 1513.9948
17, 5, 104, 59.2628, 2024.2050
17, 5, 105, 58.4526, 1485.2207
17, 5, 106, 58.6009, 1571.5343
17, 5, 107, 58.3532, 1503.7492
17, 5, 108, 58.5920, 1717.4475
17, 5, 109, 58.9626, 2049.4884
17, 5, 110, 58.6984, 1792.3807
17, 5, 111, 58.7064, 1906.9951
17, 5, 112, 58.4526, 1743.6017
17, 5, 113, 58.4635, 1768.7833
17, 5, 114, 59.0508, 2258.9819
17, 5, 115, 58.6730, 2006.9402
17, 5, 116, 58.4067, 1859.3702
17, 5, 117, 58.5509, 2046.5857
17, 5, 118, 58.3624, 1841.3192
17, 5, 119, 58.1184, 1755.4955
17, 5, 120, 58.3729, 2014.9786
17, 5, 121, 58.6613, 2223.6043
17, 5, 122, 58.6971, 2356.8702
17, 5, 123, 58.5721, 2256.2611
17, 5, 124, 58.1747, 2010.5164
17, 5, 125, 58.1885, 2047.8417
17, 5, 126, 58.3730, 2260.5100
17, 5, 127, 58.5887, 2466.2846
17, 5, 128, 58.4585, 2495.6530
17, 5, 129, 58.6467, 2749.5214
17, 5, 130, 58.4139, 2566.4916
17, 5, 131, 58.5126, 2739.0442
17, 5, 132, 58.6694, 2988.1560
17, 5, 133, 58.9914, 3300.5687
17, 5, 134, 58.5265, 2867.9020
17, 5, 135, 58.4821, 2963.0834
17, 5, 136, 58.7579, 3315.8347
17, 5, 137, 58.9616, 3689.3078
17, 5, 138, 58.7820, 3401.1407
17, 5, 139, 58.9221, 3643.4612
17, 5, 140, 58.7960, 3659.7088
17, 6, 90, 60.1041, 2061.4704
17, 6, 91, 59.9886, 2047.1117
17, 6, 92, 59.7649, 1868.7648
17, 6, 93, 59.7351, 1904.4556
17, 6, 94, 61.3913, 3191.6143
17, 6, 95, 59.9481, 2160.5406
17, 6, 96, 59.5830, 1867.9236
17, 6, 97, 59.2517, 1661.8036
17, 6, 98, 58.8891, 1480.1931
17, 6, 99, 59.0416, 1606.5296
17, 6, 100, 58.9532, 1583.4657
17, 6, 101, 59.8684, 2316.9531
17, 6, 102, 58.6347, 1436.4895
17, 6, 103, 59.3019, 1938.1177
17, 6, 104, 59.4151, 2075.4951
17, 6, 105, 59.0770, 1865.8697
17, 6, 106, 58.4613, 1448.5950
17, 6, 107, 58.8989, 1850.4517
17, 6, 108, 58.8874, 1813.4841
17, 6, 109, 59.0191, 1963.4297
17, 6, 110, 58.5078, 1603.5460
17, 6, 111, 59.1159, 2244.0756
17, 6, 112, 59.2797, 2330.6034
17, 6, 113, 58.7554, 1977.7322
17, 6, 114, 58.5898, 1855.3041
17, 6, 115, 58.7184, 2017.5610
17, 6, 116, 58.6435, 2021.9653
17, 6, 117, 59.1093, 2393.2747
17, 6, 118, 58.9234, 2203.9849
17, 6, 119, 59.2840, 2637.6846
17, 6, 120, 58.6227, 2193.3269
17, 6, 121, 58.7539, 2309.8821
17, 6, 122, 58.4693, 2142.8308
17, 6, 123, 59.0218, 2621.5925
17, 6, 124, 58.8236, 2591.0904
17, 6, 125, 59.2995, 2902.6916
17, 6, 126, 58.7461, 2600.9143
17, 6, 127, 58.9535, 2820.3113
17, 6, 128, 58.9053, 2801.8073
17, 6, 129, 59.1902, 2887.3044
17, 6, 130, 58.6992, 2690.4292
17, 6, 131, 59.0041, 3016.4137
17, 6, 132, 58.8298, 3003.0336
17, 6, 133, 58.7481, 3074.4617
17, 6, 134, 59.0941, 3153.5954
17, 6, 135, 58.9206, 3401.5236
17, 6, 136, 58.9786, 3421.3541
17, 6, 137, 59.1175, 3670.9709
17, 6, 138, 58.9422, 3696.1200
17, 6, 139, 59.1056, 3782.0946
17, 6, 140, 58.9316, 3689.7078
17, 7, 90, 62.0781, 3494.3232
17, 7, 91, 59.3526, 1559.6732
17, 7, 92, 62.2300, 3761.5452
17, 7, 93, 60.2046, 2289.2009
17, 7, 94, 60.7101, 2759.3498
17, 7, 95, 61.0894, 3019.3820
17, 7, 96, 60.7165, 2757.1924
17, 7, 97, 60.1146, 2418.8694
17, 7, 98, 59.4415, 1921.6348
17, 7, 99, 61.9705, 3793.6376
17, 7, 100, 60.5065, 2769.8516
17, 7, 101, 59.4515, 1945.2116
17, 7, 102, 61.7829, 3590.6057
17, 7, 103, 59.3183, 2079.1626
17, 7, 104, 60.2146, 2683.0141
17, 7, 105, 59.0091, 1832.7339
17, 7, 106, 60.4997, 2973.2634
17, 7, 107, 60.3056, 2699.6672
17, 7, 108, 58.9393, 1904.8800
17, 7, 109, 58.8480, 1919.2334
17, 7, 110, 59.1172, 2109.0122
17, 7, 111, 59.0309, 2062.0822
17, 7, 112, 61.6089, 3481.2144
17, 7, 113, 58.9939, 2117.2062
17, 7, 114, 60.1060, 3093.1705
17, 7, 115, 59.2820, 2503.5289
17, 7, 116, 59.2910, 2464.7238
17, 7, 117, 60.5618, 3102.0321
17, 7, 118, 59.2476, 2550.2643
17, 7, 119, 60.0549, 2806.1439
17, 7, 120, 59.3038, 2573.9262
17, 7, 121, 59.0516, 2508.5098
17, 7, 122, 58.7072, 2392.9739
17, 7, 123, 59.2458, 2725.6484
17, 7, 124, 59.5177, 2627.2257
17, 7, 125, 58.9788, 2605.2980
17, 7, 126, 59.0626, 2932.3670
17, 7, 127, 59.0256, 2697.6084
17, 7, 128, 59.1616, 2676.8508
17, 7, 129, 59.1246, 3205.0966
17, 7, 130, 59.0748, 3103.8247
17, 7, 131, 59.4012, 2889.2848
17, 7, 132, 59.0142, 3259.6027
17, 7, 133, 59.1719, 3406.1442
17, 7, 134, 59.2220, 3165.6718
17, 7, 135, 59.2121, 3395.6891
17, 7, 136, 59.3340, 3870.5262
17, 7, 137, 59.4770, 3267.3114
17, 7, 138, 59.2578, 3373.4245
17, 7, 139, 59.3668, 3892.5592
17, 7, 140, 59.8654, 3074.9574
17, 8, 90, 61.5385, 3071.5536
17, 8, 91, 60.9117, 2657.7456
17, 8, 92, 60.1784, 2124.6931
17, 8, 93, 59.9165, 2018.2281
17, 8, 94, 62.9383, 4207.9374
17, 8, 95, 60.0678, 2239.2806
17, 8, 96, 60.5248, 2562.0036
17, 8, 97, 61.2083, 3047.3770
17, 8, 98, 59.9989, 2328.4894
17, 8, 99, 60.1329, 2352.3729
17, 8, 100, 60.7816, 2886.2509
17, 8, 101, 61.7689, 3568.4820
17, 8, 102, 64.0652, 5145.8936
17, 8, 103, 61.6716, 3612.1626
17, 8, 104, 60.0847, 2588.0205
17, 8, 105, 62.3752, 4051.3637
17, 8, 106, 60.6355, 3031.0825
17, 8, 107, 59.1737, 2012.6836
17, 8, 108, 59.7658, 2365.3862
17, 8, 109, 59.3995, 2213.5716
17, 8, 110, 59.7983, 2452.1497
17, 8, 111, 60.0915, 2716.7356
17, 8, 112, 59.8338, 2619.8755
17, 8, 113, 59.5595, 2369.9745
17, 8, 114, 59.8999, 2562.0485
17, 8, 115, 58.9528, 2176.3400
17, 8, 116, 60.2853, 2851.7355
17, 8, 117, 60.3749, 2959.5895
17, 8, 118, 59.9021, 2658.5999
17, 8, 119, 59.3417, 2414.4280
17, 8, 120, 59.0889, 2331.0857
17, 8, 121, 58.8890, 2282.6719
17, 8, 122, 59.9684, 2758.0744
17, 8, 123, 59.2817, 2560.9654
17, 8, 124, 58.7839, 2378.1112
17, 8, 125, 59.4577, 2690.0914
17, 8, 126, 59.3157, 2519.3382
17, 8, 127, 60.8685, 3562.7329
17, 8, 128, 59.4482, 2735.0043
17, 8, 129, 60.1419, 3085.6087
17, 8, 130, 59.5254, 2869.7912
17, 8, 131, 60.4832, 3366.5240
17, 8, 132, 59.0430, 2809.2301
17, 8, 133, 59.2935, 2836.8980
17, 8, 134, 58.7100, 2803.4233
17, 8, 135, 59.2658, 2913.1619
17, 8, 136, 59.9300, 2966.3625
17, 8, 137, 59.7345, 2883.9045
17, 8, 138, 59.1801, 2789.1292
17, 8, 139, 69.6029, 9673.2053
17, 8, 140, 59.3300, 2962.4082
17, 9, 90, 64.0696, 4936.2028
17, 9, 91, 62.2798, 3612.7797
17, 9, 92, 63.1149, 4434.5257
17, 9, 93, 67.7713, 7869.1585
17, 9, 94, 60.9284, 2682.6653
17, 9, 95, 63.6752, 4803.5116
17, 9, 96, 61.5486, 3286.3826
17, 9, 97, 62.2682, 3814.7734
17, 9, 98, 62.8846, 4281.6262
17, 9, 99, 60.0804, 2341.3867
17, 9, 100, 61.3427, 3071.7328
17, 9, 101, 60.6718, 2701.5662
17, 9, 102, 70.1038, 9922.2592
17, 9, 103, 62.9357, 4279.4788
17, 9, 104, 60.7179, 2975.2870
17, 9, 105, 62.0853, 3926.1475
17, 9, 106, 60.6574, 3022.1141
17, 9, 107, 59.6222, 2371.6662
17, 9, 108, 61.9995, 3758.4028
17, 9, 109, 62.2223, 4010.8347
17, 9, 110, 59.7667, 2512.0798
17, 9, 111, 60.6849, 3048.2595
17, 9, 112, 62.1150, 3936.9957
17, 9, 113, 59.9635, 2556.5897
17, 9, 114, 70.1980, 10114.0038
17, 9, 115, 63.5485, 5200.4982
17, 9, 116, 63.0852, 4888.6939
17, 9, 117, 60.5813, 3161.4519
17, 9, 118, 59.6029, 2676.1782
17, 9, 119, 59.3582, 2485.6859
17, 9, 120, 62.1174, 4095.5430
17, 9, 121, 60.9592, 3610.3339
17, 9, 122, 63.1637, 4725.3313
17, 9, 123, 59.7123, 2807.8738
17, 9, 124, 61.4994, 3799.1285
17, 9, 125, 59.9025, 2993.1120
17, 9, 126, 59.4323, 2742.9231
17, 9, 127, 60.3091, 3235.5854
17, 9, 128, 60.6161, 3306.6243
17, 9, 129, 60.0627, 3143.2161
17, 9, 130, 60.2636, 3189.7428
17, 9, 131, 59.1772, 2908.0513
17, 9, 132, 62.6169, 4539.8902
17, 9, 133, 60.7998, 3425.1788
17, 9, 134, 62.3789, 4379.0951
17, 9, 135, 62.9097, 4613.8482
17, 9, 136, 59.4138, 3003.7010
17, 9, 137, 60.2381, 3232.9810
17, 9, 138, 59.4738, 3187.7322
17, 9, 139, 59.8360, 3105.4674
17, 9, 140, 61.5946, 4002.2968
17, 10, 90, 63.4050, 4533.8842
17, 10, 91, 65.4969, 6323.1466
17, 10, 92, 64.3857, 5340.5130
17, 10, 93, 69.2035, 8952.4433
17, 10, 94, 62.9931, 4243.4209
17, 10, 95, 69.8131, 9662.5373
17, 10, 96, 62.7975, 4233.4901
17, 10, 97, 64.0029, 5230.8941
17, 10, 98, 62.6579, 4199.8981
17, 10, 99, 66.8081, 7336.0857
17, 10, 100, 63.5664, 4936.9461
17, 10, 101, 61.6968, 3723.9340
17, 10, 102, 60.4906, 2961.9940
17, 10, 103, 60.4445, 2947.7209
17, 10, 104, 63.3592, 4612.5932
17, 10, 105, 62.4756, 4080.5779
17, 10, 106, 62.0806, 4173.3749
17, 10, 107, 67.0398, 7372.1164
17, 10, 108, 65.3017, 5947.5124
17, 10, 109, 63.3974, 4999.7326
17, 10, 110, 61.0349, 3421.7447
17, 10, 111, 60.9514, 3358.4544
17, 10, 112, 62.9649, 4549.5892
17, 10, 113, 61.4757, 3489.8588
17, 10, 114, 64.7009, 5752.9138
17, 10, 115, 62.3880, 4354.9647
17, 10, 116, 61.5638, 3832.0526
17, 10, 117, 60.9564, 3473.4881
17, 10, 118, 60.4735, 3084.0780
17, 10, 119, 60.7066, 3123.1113
17, 10, 120, 61.9518, 3902.3397
17, 10, 121, 59.8747, 2720.4856
17, 10, 122, 65.1662, 6253.9698
17, 10, 123, 59.9429, 2904.0041
17, 10, 124, 63.6710, 5083.3443
17, 10, 125, 60.4438, 3216.3903
17, 10, 126, 61.6554, 4020.9923
17, 10, 127, 63.4125, 4628.2560
17, 10, 128, 62.7750, 4638.9876
17, 10, 129, 63.9135, 5402.3041
17, 10, 130, 66.5725, 6965.5824
17, 10, 131, 64.1842, 5534.6517
17, 10, 132, 60.8095, 3587.4372
17, 10, 133, 60.3641, 3380.9316
17, 10, 134, 60.0065, 3243.6231
17, 10, 135, 63.3558, 4732.5784
17, 10, 136, 62.1614, 4393.4072
17, 10, 137, 60.4737, 3457.9820
17, 10, 138, 63.7461, 5548.8819
17, 10, 139, 60.9595, 3452.7821
17, 10, 140, 61.4301, 4160.6531
18, 1, 90, 46.4388, 413.5272
18, 1, 91, 47.0017, 408.6802
18, 1, 92, 45.0551, 376.2372
18, 1, 93, 46.6834, 410.0196
18, 1, 94, 44.8957, 352.7730
18, 1, 95, 45.0907, 328.6048
18, 1, 96, 48.5501, 418.8612
18, 1, 97, 43.4593, 276.5292
18, 1, 98, 47.4254, 367.9222
18, 1, 99, 43.4858, 280.7434
18, 1, 100, 46.0282, 330.4752
18, 1, 101, 45.1392, 297.7855
18, 1, 102, 47.5718, 361.9864
18, 1, 103, 44.8644, 283.5161
18, 1, 104, 43.9823, 270.0451
18, 1, 105, 48.9033, 388.2228
18, 1, 106, 47.7876, 339.7036
18, 1, 107, 46.4864, 314.1052
18, 1, 108, 42.9263, 222.3420
18, 1, 109, 43.3237, 228.3751
18, 1, 110, 42.7250, 228.2558
18, 1, 111, 43.4868, 238.7540
18, 1, 112, 43.3026, 222.3188
18, 1, 113, 47.9443, 329.3070
18, 1, 114, 44.1290, 228.5821
18, 1, 115, 46.4178, 279.0378
18, 1, 116, 40.5447, 174.4585
18, 1, 117, 42.0615, 188.4343
18, 1, 118, 41.4547, 184.6141
18, 1, 119, 44.6943, 237.0277
18, 1, 120, 40.7310, 171.8870
18, 1, 121, 39.9889, 162.8820
18, 1, 122, 45.8694, 268.7246
18, 1, 123, 39.0572, 146.1248
18, 1, 124, 46.2309, 274.7722
18, 1, 125, 40.8586, 161.9075
18, 1, 126, 42.0899, 184.3432
18, 1, 127, 43.9815, 217.5588
18, 1, 128, 44.1447, 226.2307
18, 1, 129, 42.2807, 187.2803
18, 1, 130, 39.9916, 150.9096
18, 1, 131, 38.3615, 129.0845
18, 1, 132, 41.6789, 173.7851
18, 1, 133, 37.8768, 125.8434
18, 1, 134, 43.6900, 227.6908
18, 1, 135, 43.8338, 226.4266
18, 1, 136, 42.4398, 200.3818
18, 1, 137, 45.3944, 274.1061
18, 1, 138, 39.4094, 141.2132
18, 1, 139, 41.0657, 171.5627
18, 1, 140, 47.1462, 351.9779
18, 2, 90, 55.4082, 912.8594
18, 2, 91, 55.5996, 909.5489
18, 2, 92, 54.8072, 774.4630
18, 2, 93, 56.9693, 1019.4633
18, 2, 94, 53.7689, 657.9093
18, 2, 95, 56.3169, 931.4031
18, 2, 96, 57.2607, 1043.1799
18, 2, 97, 56.4563, 935.2509
18, 2, 98, 55.5985, 811.0994
18, 2, 99, 56.4835, 924.7360
18, 2, 100, 55.7695, 830.0187
18, 2, 101, 55.5225, 804.5426
18, 2, 102, 54.4186, 694.9705
18, 2, 103, 52.0827, 538.0559
18, 2, 104, 54.6035, 713.9377
18, 2, 105, 57.0340, 1020.0197
18, 2, 106, 53.3393, 605.1260
18, 2, 107, 55.5981, 823.9811
18, 2, 108, 55.5157, 808.3001
18, 2, 109, 54.6778, 726.7428
18, 2, 110, 54.6686, 735.1642
18, 2, 111, 52.4729, 535.9547
18, 2, 112, 53.1165, 590.8504
18, 2, 113, 55.2916, 820.5647
18, 2, 114, 53.4151, 609.3996
18, 2, 115, 52.3300, 512.6763
18, 2, 116, 54.0482, 693.1034
18, 2, 117, 54.9123, 812.7300
18, 2, 118, 52.2262, 532.3404
18, 2, 119, 54.6972, 771.7150
18, 2, 120, 52.7313, 571.4450
18, 2, 121, 55.0401, 865.0673
18, 2, 122, 55.0846, 878.3883
18, 2, 123, 54.6749, 826.1007
18, 2, 124, 55.6583, 1021.0342
18, 2, 125, 53.1538, 659.2316
18, 2, 126, 54.2065, 818.8339
18, 2, 127, 55.1033, 933.6584
18, 2, 128, 55.3938, 1040.6494
18, 2, 129, 55.1971, 992.4604
18, 2, 130, 55.2261, 1037.2289
18, 2, 131, 55.6820, 1121.6741
18, 2, 132, 56.4009, 1405.0564
18, 2, 133, 55.5001, 1184.5111
18, 2, 134, 56.8160, 1594.7128
18, 2, 135, 54.2943, 930.5122
18, 2, 136, 56.1177, 1389.2183
18, 2, 137, 56.4908, 1555.4438
18, 2, 138, 54.5964, 1045.8033
18, 2, 139, 55.3319, 1259.4720
18, 2, 140, 54.5220, 1071.8782
18, 3, 90, 58.1529, 1258.2998
18, 3, 91, 58.4102, 1314.7219
18, 3, 92, 57.6339, 1175.9123
18, 3, 93, 57.0689, 1063.7506
18, 3, 94, 58.0278, 1222.3207
18, 3, 95, 58.0559, 1211.6997
18, 3, 96, 57.9027, 1222.3999
18, 3, 97, 57.3432, 1092.1053
18, 3, 98, 56.5874, 968.5191
18, 3, 99, 57.3531, 1101.9592
18, 3, 100, 57.2852, 1090.4169
18, 3, 101, 56.2515, 929.1295
18, 3, 102, 56.8572, 1023.0055
18, 3, 103, 57.5974, 1184.2063
18, 3, 104, 57.4581, 1144.1544
18, 3, 105, 57.2016, 1115.7560
18, 3, 106, 57.1010, 1113.2146
18, 3, 107, 58.1144, 1380.8787
18, 3, 108, 57.4496, 1193.0670
18, 3, 109, 57.3358, 1167.2402
18, 3, 110, 56.5501, 1033.2457
18, 3, 111, 56.1842, 934.3243
18, 3, 112, 57.7042, 1350.5426
18, 3, 113, 57.3370, 1245.6170
18, 3, 114, 57.3469, 1275.0241
18, 3, 115, 57.3231, 1268.4611
18, 3, 116, 56.5870, 1116.0769
18, 3, 117, 57.3036, 1317.3517
18, 3, 118, 57.5837, 1455.2295
18, 3, 119, 56.6364, 1186.4827
18, 3, 120, 56.9002, 1276.5640
18, 3, 121, 55.9788, 1067.0061
18, 3, 122, 57.4693, 1557.2671
18, 3, 123, 57.2071, 1437.0490
18, 3, 124, 56.8298, 1353.6310
18, 3, 125, 57.3356, 1552.4287
18, 3, 126, 58.2922, 2113.5374
18, 3, 127, 56.3375, 1316.9056
18, 3, 128, 57.8769, 1927.4681
18, 3, 129, 57.3443, 1679.2588
18, 3, 130, 57.0300, 1589.1623
18, 3, 131, 57.6049, 1915.2055
18, 3, 132, 56.6657, 1580.4358
18, 3, 133, 56.8375, 1621.7487
18, 3, 134, 57.4144, 1898.1299
18, 3, 135, 56.5440, 1595.3095
18, 3, 136, 58.3308, 2566.7147
18, 3, 137, 57.4126, 1982.4604
18, 3, 138, 57.5593, 2093.5215
18, 3, 139, 57.4714, 2141.4490
18, 3, 140, 58.0937, 2554.5015
18, 4, 90, 59.2734, 1555.4927
18, 4, 91, 58.8383, 1429.5570
18, 4, 92, 59.1893, 1547.6492
18, 4, 93, 59.1879, 1558.5492
18, 4, 94, 58.6484, 1339.7725
18, 4, 95, 59.0755, 1489.7726
18, 4, 96, 59.0437, 1561.0912
18, 4, 97, 58.0483, 1223.6942
18, 4, 98, 58.4707, 1380.1712
18, 4, 99, 57.8438, 1124.7511
18, 4, 100, 58.4061, 1324.8208
18, 4, 101, 58.0241, 1173.6341
18, 4, 102, 57.6539, 1149.8979
18, 4, 103, 58.4554, 1378.9825
18, 4, 104, 57.6163, 1122.7800
18, 4, 105, 58.4348, 1429.6173
18, 4, 106, 58.4703, 1462.8842
18, 4, 107, 58.1496, 1315.6879
18, 4, 108, 59.1606, 2011.4518
18, 4, 109, 57.8004, 1250.6824
18, 4, 110, 58.0196, 1345.3064
18, 4, 111, 58.2975, 1475.4166
18, 4, 112, 57.9497, 1356.4408
18, 4, 113, 57.8436, 1348.3540
18, 4, 114, 58.0774, 1448.7280
18, 4, 115, 57.9703, 1479.8568
18, 4, 116, 57.2445, 1224.2865
18, 4, 117, 58.0451, 1556.2770
18, 4, 118, 58.0132, 1530.3082
18, 4, 119, 57.9908, 1539.4266
18, 4, 120, 58.5138, 1926.9862
18, 4, 121, 57.5678, 1451.3244
18, 4, 122, 58.0607, 1704.9756
18, 4, 123, 58.2666, 1847.8670
18, 4, 124, 58.4144, 1944.9710
18, 4, 125, 58.0828, 1821.2530
18, 4, 126, 58.0145, 1786.9236
18, 4, 127, 57.8847, 1802.9441
18, 4, 128, 58.3706, 2119.9275
18, 4, 129, 58.6958, 2432.9285
18, 4, 130, 58.3201, 2173.5045
18, 4, 131, 58.6816, 2526.8382
18, 4, 132, 58.7403, 2593.1808
18, 4, 133, 58.7128, 2619.9114
18, 4, 134, 58.1479, 2235.4514
18, 4, 135, 58.5245, 2541.3868
18, 4, 136, 58.6268, 2688.0656
18, 4, 137, 58.6432, 2723.2222
18, 4, 138, 58.3724, 2536.0917
18, 4, 139, 59.0126, 3335.0525
18, 4, 140, 59.0785, 3423.4805
18, 5, 90, 59.4770, 1695.5329
18, 5, 91, 59.1359, 1518.2654
18, 5, 92, 59.3144, 1697.1582
18, 5, 93, 59.6854, 1931.5384
18, 5, 94, 59.6321, 1914.3609
18, 5, 95, 58.8383, 1432.3375
18, 5, 96, 60.2875, 2455.1891
18, 5, 97, 58.5753, 1393.3185
18, 5, 98, 58.8080, 1506.3357
18, 5, 99, 59.4150, 1947.1053
18, 5, 100, 58.9472, 1652.9749
18, 5, 101, 58.5473, 1443.8362
18, 5, 102, 58.8056, 1621.5457
18, 5, 103, 59.6628, 2211.3870
18, 5, 104, 58.5289, 1532.1666
18, 5, 105, 58.3619, 1470.4141
18, 5, 106, 58.6251, 1651.1119
18, 5, 107, 58.6774, 1719.1593
18, 5, 108, 59.1107, 1991.2755
18, 5, 109, 58.2728, 1514.9149
18, 5, 110, 58.4369, 1666.3067
18, 5, 111, 58.4571, 1630.4954
18, 5, 112, 59.0119, 2055.7558
18, 5, 113, 58.9176, 2050.7487
18, 5, 114, 58.5346, 1865.4506
18, 5, 115, 58.5597, 1849.4350
18, 5, 116, 58.9016, 2109.1391
18, 5, 117, 58.7024, 1997.0392
18, 5, 118, 58.4774, 1896.0244
18, 5, 119, 58.4468, 1933.5018
18, 5, 120, 58.5784, 2120.6023
18, 5, 121, 58.7909, 2250.2507
18, 5, 122, 58.3244, 1928.8322
18, 5, 123, 58.6429, 2262.6859
18, 5, 124, 58.5794, 2257.1636
18, 5, 125, 58.7140, 2335.5977
18, 5, 126, 58.3903, 2211.4019
18, 5, 127, 58.7732, 2522.6122
18, 5, 128, 58.4989, 2396.7203
18, 5, 129, 58.5111, 2443.0574
18, 5, 130, 59.0110, 2874.3113
18, 5, 131, 58.8992, 2834.0622
18, 5, 132, 58.5805, 2651.8956
18, 5, 133, 58.5534, 2639.3789
18, 5, 134, 58.8401, 2964.3852
18, 5, 135, 58.7421, 2928.7684
18, 5, 136, 59.0409, 3369.9858
18, 5, 137, 59.0619, 3403.0216
18, 5, 138, 59.2072, 3387.0576
18, 5, 139, 58.7840, 3213.1315
18, 5, 140, 59.3160, 3793.0748
18, 6, 90, 59.7643, 1798.5457
18, 6, 91, 60.5630, 2424.9470
18, 6, 92, 60.4120, 2265.0074
18, 6, 93, 59.6754, 1830.7071
18, 6, 94, 60.5693, 2582.5800
18, 6, 95, 59.7292, 1972.6849
18, 6, 96, 60.1976, 2371.9622
18, 6, 97, 59.4202, 1848.7170
18, 6, 98, 59.5193, 1924.0026
18, 6, 99, 59.0358, 1624.6089
18, 6, 100, 59.6873, 2148.2779
18, 6, 101, 59.2395, 1786.3102
18, 6, 102, 59.0189, 1661.8298
18, 6, 103, 59.7226, 2210.6300
18, 6, 104, 59.2708, 1928.3293
18, 6, 105, 58.8441, 1637.5709
18, 6, 106, 58.9746, 1829.7262
18, 6, 107, 58.6128, 1631.1412
18, 6, 108, 58.9477, 1818.7775
18, 6, 109, 59.6320, 2350.1398
18, 6, 110, 58.8999, 1882.5964
18, 6, 111, 58.8906, 1836.5681
18, 6, 112, 58.9984, 1949.7317
18, 6, 113, 59.7729, 2491.7385
18, 6, 114, 58.8332, 1941.8078
18, 6, 115, 58.9746, 2104.6840
18, 6, 116, 58.9595, 2150.2122
18, 6, 117, 59.1152, 2291.4042
18, 6, 118, 59.3623, 2412.9126
18, 6, 119, 59.0052, 2234.9670
18, 6, 120, 59.1842, 2359.2479
18, 6, 121, 58.9386, 2320.6255
18, 6, 122, 58.8546, 2282.3343
18, 6, 123, 59.2107, 2495.9345
18, 6, 124, 58.8712, 2421.0011
18, 6, 125, 58.8664, 2514.6772
18, 6, 126, 58.9576, 2527.0608
18, 6, 127, 58.7253, 2511.2304
18, 6, 128, 58.8741, 2721.0753
18, 6, 129, 58.9734, 2762.6526
18, 6, 130, 59.0262, 2813.6921
18, 6, 131, 58.5273, 2580.4101
18, 6, 132, 59.5384, 2705.6666
18, 6, 133, 58.7548, 2772.4216
18, 6, 134, 59.0757, 3154.9043
18, 6, 135, 58.9101, 3202.1690
18, 6, 136, 58.9607, 3229.9300
18, 6, 137, 58.9778, 3338.0584
18, 6, 138, 59.1416, 3471.3389
18, 6, 139, 59.1264, 3523.7614
18, 6, 140, 59.1299, 3584.5952
18, 7, 90, 59.8647, 1829.5453
18, 7, 91, 60.1840, 2159.3505
18, 7, 92, 59.5174, 1614.6384
18, 7, 93, 60.1713, 2138.6363
18, 7, 94, 60.6532, 2460.5388
18, 7, 95, 59.9676, 2034.0845
18, 7, 96, 59.5364, 1816.2795
18, 7, 97, 60.1941, 2383.8795
18, 7, 98, 61.8507, 3288.9019
18, 7, 99, 59.8163, 2147.4778
18, 7, 100, 59.4850, 1860.9564
18, 7, 101, 59.2410, 1743.3779
18, 7, 102, 60.1965, 2442.7317
18, 7, 103, 61.8432, 3470.1107
18, 7, 104, 60.4049, 2567.1082
18, 7, 105, 59.4372, 2027.5836
18, 7, 106, 59.3232, 1991.8043
18, 7, 107, 59.5619, 2136.2079
18, 7, 108, 60.3300, 2755.5910
18, 7, 109, 59.5204, 2133.0247
18, 7, 110, 59.9405, 2475.7930
18, 7, 111, 59.9491, 2492.6910
18, 7, 112, 59.8487, 2450.6314
18, 7, 113, 59.7541, 2360.2053
18, 7, 114, 59.3583, 2217.5117
18, 7, 115, 59.6891, 2394.0518
18, 7, 116, 59.4905, 2313.4734
18, 7, 117, 58.5783, 1878.1760
18, 7, 118, 60.1334, 2714.9016
18, 7, 119, 59.2715, 2298.4230
18, 7, 120, 59.1806, 2371.4492
18, 7, 121, 58.8879, 2256.1644
18, 7, 122, 59.5831, 2534.7068
18, 7, 123, 59.1481, 2403.8483
18, 7, 124, 58.9897, 2473.2610
18, 7, 125, 59.1368, 2479.5855
18, 7, 126, 59.1942, 2602.7968
18, 7, 127, 59.0741, 2608.4744
18, 7, 128, 58.9256, 2632.1053
18, 7, 129, 59.2083, 2795.8834
18, 7, 130, 59.3173, 2700.9314
18, 7, 131, 59.1501, 2726.0475
18, 7, 132, 59.3206, 2788.0783
18, 7, 133, 59.1705, 2835.9563
18, 7, 134, 61.5565, 3666.4395
18, 7, 135, 59.0822, 3227.9001
18, 7, 136, 59.1781, 3148.7992
18, 7, 137, 59.0206, 3455.8656
18, 7, 138, 59.5273, 2788.3074
18, 7, 139, 59.8944, 2907.0803
18, 7, 140, 59.1998, 3904.0779
18, 8, 90, 61.3607, 3004.5436
18, 8, 91, 61.2771, 3030.2599
18, 8, 92, 61.0054, 2790.4576
18, 8, 93, 61.0188, 2905.4538
18, 8, 94, 60.4634, 2591.6708
18, 8, 95, 60.0303, 2346.7780
18, 8, 96, 61.0287, 3071.1272
18, 8, 97, 61.5301, 3430.2428
18, 8, 98, 59.9367, 2359.6596
18, 8, 99, 61.9546, 3677.1957
18, 8, 100, 61.0151, 3059.1340
18, 8, 101, 60.6259, 2901.2450
18, 8, 102, 59.8205, 2349.6222
18, 8, 103, 59.5803, 2208.8158
18, 8, 104, 59.4631, 2211.8542
18, 8, 105, 59.5253, 2279.5118
18, 8, 106, 60.6181, 3021.8830
18, 8, 107, 59.8403, 2455.2700
18, 8, 108, 63.0481, 4578.4185
18, 8, 109, 59.3550, 2193.9761
18, 8, 110, 61.9435, 3886.3841
18, 8, 111, 59.8032, 2572.7638
18, 8, 112, 60.2637, 2833.4552
18, 8, 113, 59.4336, 2393.6603
18, 8, 114, 59.9124, 2730.8007
18, 8, 115, 59.7118, 2583.3888
18, 8, 116, 59.8693, 2767.7494
18, 8, 117, 60.3743, 3033.3455
18, 8, 118, 60.8403, 3267.8369
18, 8, 119, 60.2751, 2947.3249
18, 8, 120, 60.0557, 2867.9619
18, 8, 121, 59.3762, 2569.3918
18, 8, 122, 59.3460, 2594.1441
18, 8, 123, 59.1166, 2581.5689
18, 8, 124, 59.4442, 2580.5531
18, 8, 125, 63.3405, 4744.9455
18, 8, 126, 59.2603, 2640.9118
18, 8, 127, 59.2631, 2658.8585
18, 8, 128, 58.9553, 2641.2848
18, 8, 129, 59.2712, 2781.9816
18, 8, 130, 59.4168, 2792.6282
18, 8, 131, 59.2091, 2839.3827
18, 8, 132, 60.3814, 3065.5500
18, 8, 133, 59.1131, 2958.8898
18, 8, 134, 59.5497, 2851.3011
18, 8, 135, 59.7048, 2890.2739
18, 8, 136, 59.4481, 3029.0751
18, 8, 137, 59.7633, 2933.8079
18, 8, 138, 60.8172, 3292.0634
18, 8, 139, 59.3503, 3115.9071
18, 8, 140, 59.4481, 3213.6853
18, 9, 90, 62.1196, 3454.5664
18, 9, 91, 61.5242, 3064.2930
18, 9, 92, 61.9940, 3454.9877
18, 9, 93, 61.0589, 2775.5612
18, 9, 94, 60.5418, 2430.2488
18, 9, 95, 61.1251, 2895.3556
18, 9, 96, 61.4835, 3143.5674
18, 9, 97, 61.5883, 3154.3192
18, 9, 98, 60.6475, 2676.2116
18, 9, 99, 60.8039, 2785.2703
18, 9, 100, 59.8056, 2163.6054
18, 9, 101, 60.9134, 2968.3074
18, 9, 102, 60.9265, 2894.8553
18, 9, 103, 65.7782, 6301.5765
18, 9, 104, 62.3535, 3802.6160
18, 9, 105, 63.0708, 4245.4554
18, 9, 106, 62.5956, 4119.9427
18, 9, 107, 59.6709, 2301.3410
18, 9, 108, 60.3041, 2646.3595
18, 9, 109, 61.5431, 3367.6338
18, 9, 110, 59.6867, 2311.0056
18, 9, 111, 61.2592, 3414.4933
18, 9, 112, 61.2459, 3366.4818
18, 9, 113, 62.0012, 3834.2272
18, 9, 114, 70.5321, 10617.9346
18, 9, 115, 62.0627, 4019.5105
18, 9, 116, 59.4942, 2353.5689
18, 9, 117, 61.4159, 3649.9735
18, 9, 118, 60.7234, 2947.4037
18, 9, 119, 62.9619, 4357.4677
18, 9, 120, 71.7727, 11832.0889
18, 9, 121, 64.0294, 5169.9050
18, 9, 122, 62.4216, 4062.8985
18, 9, 123, 59.2865, 2456.6956
18, 9, 124, 60.3146, 2929.3472
18, 9, 125, 63.2272, 4666.4104
18, 9, 126, 60.5158, 2937.1417
18, 9, 127, 59.3049, 2604.5519
18, 9, 128, 61.9107, 3955.0527
18, 9, 129, 61.0940, 3266.5559
18, 9, 130, 62.0810, 4119.4767
18, 9, 131, 61.4725, 3626.1691
18, 9, 132, 60.9284, 3334.5017
18, 9, 133, 60.3486, 2948.6078
18, 9, 134, 59.9486, 2847.0885
18, 9, 135, 59.5936, 2939.0237
18, 9, 136, 59.6668, 2763.2044
18, 9, 137, 62.6681, 4335.4569
18, 9, 138, 59.8198, 2891.1049
18, 9, 139, 60.8632, 3194.1784
18, 9, 140, 59.3237, 2924.8775
18, 10, 90, 62.1248, 3678.3752
18, 10, 91, 62.6057, 4009.6210
18, 10, 92, 62.3053, 3718.5377
18, 10, 93, 67.3519, 7289.1445
18, 10, 94, 68.5048, 8472.0140
18, 10, 95, 62.0763, 3717.0437
18, 10, 96, 61.1520, 2983.9850
18, 10, 97, 67.5897, 7660.5138
18, 10, 98, 63.5366, 4577.6927
18, 10, 99, 66.9373, 7207.3242
18, 10, 100, 63.9524, 5145.9409
18, 10, 101, 60.4333, 2764.3464
18, 10, 102, 62.7068, 4372.1089
18, 10, 103, 60.5679, 2762.2721
18, 10, 104, 64.6375, 5504.5265
18, 10, 105, 62.3865, 4163.6624
18, 10, 106, 62.1557, 3857.9995
18, 10, 107, 61.8384, 3609.2533
18, 10, 108, 65.0156, 5606.4704
18, 10, 109, 61.4358, 3549.1870
18, 10, 110, 60.7486, 3011.2955
18, 10, 111, 60.5632, 3068.0336
18, 10, 112, 60.6356, 2995.4613
18, 10, 113, 62.8281, 4598.8266
18, 10, 114, 71.0011, 10767.0198
18, 10, 115, 65.0489, 5883.0884
18, 10, 116, 60.8755, 3193.6724
18, 10, 117, 62.4649, 4283.3801
18, 10, 118, 67.3220, 7644.9752
18, 10, 119, 62.5152, 4228.2417
18, 10, 120, 60.9387, 3442.2316
18, 10, 121, 60.3838, 3000.1422
18, 10, 122, 62.4559, 3968.1817
18, 10, 123, 62.4700, 4331.0594
18, 10, 124, 59.7376, 2738.7536
18, 10, 125, 62.6658, 4484.9950
18, 10, 126, 61.0091, 3587.3120
18, 10, 127, 61.6703, 3700.4047
18, 10, 128, 61.2246, 3390.6943
18, 10, 129, 62.4413, 4287.4566
18, 10, 130, 60.1330, 2971.5986
18, 10, 131, 61.4557, 3639.0564
18, 10, 132, 69.1383, 9203.8857
18, 10, 133, 61.0996, 3529.2078
18, 10, 134, 60.3741, 3002.7524
18, 10, 135, 60.4480, 3246.3976
18, 10, 136, 66.5374, 7165.8626
18, 10, 137, 59.3225, 2972.7286
18, 10, 138, 60.4330, 3264.0110
18, 10, 139, 62.7139, 4294.2935
18, 10, 140, 59.3272, 2807.3050
19, 1, 90, 49.4403, 502.2021
19, 1, 91, 46.2666, 408.9905
19, 1, 92, 46.4663, 406.1920
19, 1, 93, 45.2621, 355.4825
19, 1, 94, 48.9201, 433.4049
19, 1, 95, 45.4565, 348.9762
19, 1, 96, 46.9554, 372.9957
19, 1, 97, 46.1469, 348.5049
19, 1, 98, 45.4026, 326.2485
19, 1, 99, 47.9733, 384.9806
19, 1, 100, 46.2820, 331.7360
19, 1, 101, 43.9440, 279.2611
19, 1, 102, 45.2073, 317.1657
19, 1, 103, 43.5830, 268.4708
19, 1, 104, 43.6019, 262.2804
19, 1, 105, 43.4298, 261.3048
19, 1, 106, 46.0778, 299.2114
19, 1, 107, 48.3293, 355.2513
19, 1, 108, 44.9472, 263.6105
19, 1, 109, 50.1421, 410.5339
19, 1, 110, 47.1246, 304.7391
19, 1, 111, 42.9653, 228.1644
19, 1, 112, 41.9548, 209.6324
19, 1, 113, 43.2431, 229.1101
19, 1, 114, 45.0314, 255.2369
19, 1, 115, 44.6913, 248.3585
19, 1, 116, 47.9082, 320.6054
19, 1, 117, 43.3939, 217.8934
19, 1, 118, 49.4830, 383.9676
19, 1, 119, 41.3343, 175.5437
19, 1, 120, 42.4485, 196.2174
19, 1, 121, 44.3501, 232.5022
19, 1, 122, 44.2886, 229.4119
19, 1, 123, 42.4893, 191.2216
19, 1, 124, 42.1843, 190.2635
19, 1, 125, 43.2351, 208.1275
19, 1, 126, 46.2881, 275.5861
19, 1, 127, 42.2627, 186.7482
19, 1, 128, 43.4687, 208.2898
19, 1, 129, 42.3178, 193.4249
19, 1, 130, 46.1677, 281.6623
19, 1, 131, 42.7318, 202.5107
19, 1, 132, 38.7755, 137.4867
19, 1, 133, 44.1859, 231.3794
19, 1, 134, 43.1326, 204.5196
19, 1, 135, 41.1625, 172.7371
19, 1, 136, 39.7963, 148.1267
19, 1, 137, 39.4554, 145.7514
19, 1, 138, 42.0641, 187.4859
19, 1, 139, 42.2483, 192.5683
19, 1, 140, 46.6589, 312.6687
19, 2, 90, 51.9076, 630.7054
19, 2, 91, 55.9077, 923.9208
19, 2, 92, 55.2627, 866.0074
19, 2, 93, 56.8441, 1013.6879
19, 2, 94, 57.3147, 1052.6962
19, 2, 95, 55.4652, 848.3916
19, 2, 96, 57.1238, 1024.2581
19, 2, 97, 53.6421, 694.2108
19, 2, 98, 56.2371, 919.7447
19, 2, 99, 56.1882, 903.4928
19, 2, 100, 53.5285, 640.8699
19, 2, 101, 55.5880, 791.4129
19, 2, 102, 55.2898, 779.6703
19, 2, 103, 53.5567, 619.1515
19, 2, 104, 54.8699, 763.5508
19, 2, 105, 56.9686, 990.8153
19, 2, 106, 54.3119, 669.7749
19, 2, 107, 53.0325, 567.6991
19, 2, 108, 55.3983, 792.6153
19, 2, 109, 54.7807, 734.9699
19, 2, 110, 55.4693, 813.1694
19, 2, 111, 55.7105, 848.0860
19, 2, 112, 53.7516, 635.3914
19, 2, 113, 54.7595, 747.4224
19, 2, 114, 55.9682, 900.9649
19, 2, 115, 55.0457, 788.7396
19, 2, 116, 56.1955, 952.4723
19, 2, 117, 56.1927, 935.4011
19, 2, 118, 55.0296, 817.6831
19, 2, 119, 52.5855, 566.9725
19, 2, 120, 54.1245, 733.7194
19, 2, 121, 53.4137, 638.6102
19, 2, 122, 54.0238, 700.5915
19, 2, 123, 52.6202, 592.6994
19, 2, 124, 55.0926, 885.1929
19, 2, 125, 54.8819, 870.3768
19, 2, 126, 54.1275, 774.4335
19, 2, 127, 56.0456, 1100.6045
19, 2, 128, 54.7448, 873.6824
19, 2, 129, 52.2107, 625.1069
19, 2, 130, 55.5691, 1068.5597
19, 2, 131, 54.8374, 906.8689
19, 2, 132, 54.4552, 876.0193
19, 2, 133, 53.7287, 797.8965
19, 2, 134, 54.1271, 896.3323
19, 2, 135, 56.0019, 1290.9116
19, 2, 136, 54.8954, 1053.7881
19, 2, 137, 55.1669, 1188.0258
19, 2, 138, 54.8905, 1107.9203
19, 2, 139, 56.7976, 1605.7204
19, 2, 140, 55.1328, 1142.1231
19, 3, 90, 58.1062, 1187.6787
19, 3, 91, 56.9464, 1023.0130
19, 3, 92, 57.9837, 1143.9637
19, 3, 93, 57.8986, 1148.5492
19, 3, 94, 57.6326, 1070.9693
19, 3, 95, 57.9697, 1154.7865
19, 3, 96, 57.2667, 949.5788
19, 3, 97, 56.7758, 961.9222
19, 3, 98, 57.2686, 1040.2042
19, 3, 99, 57.3462, 1040.0700
19, 3, 100, 57.1320, 983.1289
19, 3, 101, 57.1650, 1012.4983
19, 3, 102, 56.8647, 958.6688
19, 3, 103, 57.1780, 1005.6442
19, 3, 104, 56.4200, 906.5320
19, 3, 105, 56.8966, 979.0745
19, 3, 106, 57.9197, 1269.7149
19, 3, 107, 56.1206, 832.9161
19, 3, 108, 56.0874, 840.7173
19, 3, 109, 55.2990, 777.0509
19, 3, 110, 57.0442, 1046.4802
19, 3, 111, 56.7754, 1019.5222
19, 3, 112, 57.2951, 1143.0057
19, 3, 113, 56.7213, 1026.5404
19, 3, 114, 56.6152, 1016.6988
19, 3, 115, 56.2123, 951.7617
19, 3, 116, 56.6540, 1038.4671
19, 3, 117, 57.4237, 1266.3788
19, 3, 118, 56.7346, 1089.1040
19, 3, 119, 56.8451, 1155.0748
19, 3, 120, 56.0885, 1002.8354
19, 3, 121, 57.4077, 1341.6913
19, 3, 122, 56.7585, 1170.2635
19, 3, 123, 57.3659, 1438.3254
19, 3, 124, 57.5918, 1502.8771
19, 3, 125, 56.5910, 1216.9884
19, 3, 126, 56.4075, 1165.0555
19, 3, 127, 57.1912, 1445.1952
19, 3, 128, 57.0683, 1418.9246
19, 3, 129, 57.6198, 1707.7834
19, 3, 130, 57.3870, 1607.9067
19, 3, 131, 57.4064, 1646.5077
19, 3, 132, 57.6001, 1698.4410
19, 3, 133, 57.2039, 1624.9212
19, 3, 134, 57.2915, 1679.3565
19, 3, 135, 57.3854, 1772.2901
19, 3, 136, 57.4970, 1909.1950
19, 3, 137, 57.4693, 1879.8190
19, 3, 138, 57.6879, 2026.1410
19, 3, 139, 57.4586, 1917.2153
19, 3, 140, 57.2432, 1839.0982
19, 4, 90, 58.2752, 1269.0525
19, 4, 91, 58.6388, 1350.6856
19, 4, 92, 58.1846, 1250.3073
19, 4, 93, 59.0354, 1562.9956
19, 4, 94, 58.3454, 1326.9498
19, 4, 95, 57.7418, 1110.3148
19, 4, 96, 57.9489, 1189.6401
19, 4, 97, 58.4382, 1369.2895
19, 4, 98, 58.1943, 1317.0184
19, 4, 99, 58.2540, 1314.3186
19, 4, 100, 58.1778, 1308.2126
19, 4, 101, 58.2091, 1350.3629
19, 4, 102, 57.4498, 1122.1163
19, 4, 103, 58.0673, 1289.5092
19, 4, 104, 57.3274, 1090.1379
19, 4, 105, 57.6810, 1206.1954
19, 4, 106, 57.6789, 1236.0529
19, 4, 107, 57.5575, 1178.2736
19, 4, 108, 57.3223, 1142.8617
19, 4, 109, 57.7417, 1283.4891
19, 4, 110, 57.6697, 1294.3230
19, 4, 111, 57.7202, 1321.2462
19, 4, 112, 57.2169, 1162.6615
19, 4, 113, 57.6352, 1315.7554
19, 4, 114, 57.4887, 1281.7841
19, 4, 115, 57.2310, 1206.0904
19, 4, 116, 57.3481, 1272.4677
19, 4, 117, 57.3665, 1313.7130
19, 4, 118, 57.6321, 1446.9388
19, 4, 119, 57.1207, 1280.6647
19, 4, 120, 57.8329, 1588.8253
19, 4, 121, 57.6384, 1483.1165
19, 4, 122, 57.8037, 1628.9189
19, 4, 123, 57.8169, 1667.6000
19, 4, 124, 57.9115, 1796.6335
19, 4, 125, 57.6866, 1662.6194
19, 4, 126, 57.2187, 1512.0134
19, 4, 127, 58.0168, 1935.1705
19, 4, 128, 58.1380, 2098.6162
19, 4, 129, 58.2101, 2188.0616
19, 4, 130, 57.8419, 1955.3779
19, 4, 131, 58.3008, 2362.5636
19, 4, 132, 57.9605, 2075.9013
19, 4, 133, 58.0310, 2165.3672
19, 4, 134, 57.5244, 1902.8679
19, 4, 135, 58.4442, 2629.7301
19, 4, 136, 57.8786, 2189.7898
19, 4, 137, 58.0845, 2332.9467
19, 4, 138, 57.9010, 2236.6264
19, 4, 139, 58.3260, 2729.9292
19, 4, 140, 58.0944, 2468.4294
19, 5, 90, 59.0134, 1451.8404
19, 5, 91, 59.6686, 1811.0019
19, 5, 92, 59.0700, 1490.8444
19, 5, 93, 58.7818, 1423.0902
19, 5, 94, 58.7503, 1416.5408
19, 5, 95, 58.6610, 1381.6491
19, 5, 96, 59.0310, 1636.2335
19, 5, 97, 58.3464, 1299.4338
19, 5, 98, 58.6295, 1451.8326
19, 5, 99, 58.2433, 1270.5530
19, 5, 100, 58.6430, 1500.3429
19, 5, 101, 58.1342, 1281.7055
19, 5, 102, 58.7834, 1637.4324
19, 5, 103, 57.8982, 1205.7057
19, 5, 104, 57.9981, 1282.5698
19, 5, 105, 58.2051, 1373.3541
19, 5, 106, 58.2865, 1456.7106
19, 5, 107, 58.0104, 1334.0684
19, 5, 108, 57.8526, 1274.6297
19, 5, 109, 58.0083, 1366.9803
19, 5, 110, 58.5473, 1701.2365
19, 5, 111, 57.9314, 1383.3014
19, 5, 112, 57.9782, 1431.0059
19, 5, 113, 58.0680, 1515.6148
19, 5, 114, 58.0292, 1517.5954
19, 5, 115, 57.9462, 1535.4858
19, 5, 116, 57.9830, 1546.7464
19, 5, 117, 58.0839, 1686.0035
19, 5, 118, 58.0382, 1655.4720
19, 5, 119, 57.6042, 1450.3557
19, 5, 120, 58.1465, 1784.3986
19, 5, 121, 58.0411, 1758.3815
19, 5, 122, 58.1150, 1862.3918
19, 5, 123, 57.7876, 1672.9580
19, 5, 124, 57.9728, 1799.1945
19, 5, 125, 57.7836, 1759.6229
19, 5, 126, 58.2261, 2078.2700
19, 5, 127, 58.4554, 2266.8090
19, 5, 128, 57.9880, 1983.7718
19, 5, 129, 58.3231, 2252.4089
19, 5, 130, 57.8934, 1989.6099
19, 5, 131, 57.8856, 2072.8805
19, 5, 132, 57.9411, 2078.0135
19, 5, 133, 58.1613, 2334.9572
19, 5, 134, 58.0658, 2293.4193
19, 5, 135, 58.4259, 2676.4997
19, 5, 136, 58.1160, 2453.5208
19, 5, 137, 58.2396, 2583.8828
19, 5, 138, 58.4009, 2851.8064
19, 5, 139, 58.4059, 2744.9695
19, 5, 140, 58.1402, 2632.8730
19, 6, 90, 60.2374, 2225.3164
19, 6, 91, 60.1839, 2261.7539
19, 6, 92, 59.2423, 1619.4923
19, 6, 93, 59.4071, 1784.6727
19, 6, 94, 59.2742, 1756.3883
19, 6, 95, 59.3654, 1830.8719
19, 6, 96, 58.9799, 1619.7940
19, 6, 97, 58.9451, 1593.3231
19, 6, 98, 58.9433, 1621.5062
19, 6, 99, 59.0692, 1752.0088
19, 6, 100, 58.8345, 1608.7087
19, 6, 101, 58.6440, 1526.0601
19, 6, 102, 58.9422, 1751.9588
19, 6, 103, 58.6073, 1554.9101
19, 6, 104, 58.7882, 1719.2071
19, 6, 105, 58.3696, 1426.6934
19, 6, 106, 59.1008, 1993.8488
19, 6, 107, 59.0160, 1944.3748
19, 6, 108, 58.6239, 1705.5806
19, 6, 109, 58.3080, 1546.8619
19, 6, 110, 58.6426, 1718.7940
19, 6, 111, 58.1727, 1512.0434
19, 6, 112, 58.2933, 1582.7037
19, 6, 113, 58.6626, 1895.0856
19, 6, 114, 58.6004, 1901.6216
19, 6, 115, 58.4098, 1748.3741
19, 6, 116, 59.2702, 2209.8758
19, 6, 117, 58.3391, 1807.6898
19, 6, 118, 58.2729, 1768.3515
19, 6, 119, 58.6612, 2001.0619
19, 6, 120, 58.6827, 2100.1163
19, 6, 121, 58.1792, 1788.9810
19, 6, 122, 58.2101, 1843.0497
19, 6, 123, 59.7795, 2513.4380
19, 6, 124, 58.3910, 2026.3374
19, 6, 125, 58.4749, 2168.0914
19, 6, 126, 58.3959, 2104.8323
19, 6, 127, 58.3209, 2108.1130
19, 6, 128, 58.3243, 2170.7207
19, 6, 129, 58.4557, 2337.2348
19, 6, 130, 58.4106, 2357.0032
19, 6, 131, 58.3689, 2348.4161
19, 6, 132, 58.4705, 2459.0589
19, 6, 133, 58.4130, 2484.4379
19, 6, 134, 58.5959, 2733.2815
19, 6, 135, 58.3822, 2580.9939
19, 6, 136, 58.5843, 2773.9715
19, 6, 137, 58.5751, 2809.1874
19, 6, 138, 58.6071, 2921.1234
19, 6, 139, 58.6784, 2704.4914
19, 6, 140, 58.5831, 2911.2906
19, 7, 90, 60.2084, 2197.9251
19, 7, 91, 62.5292, 3610.0309
19, 7, 92, 59.7627, 1990.1226
19, 7, 93, 59.6235, 1860.8217
19, 7, 94, 59.8688, 2056.7691
19, 7, 95, 59.9723, 2187.8042
19, 7, 96, 60.0967, 2234.7400
19, 7, 97, 60.2925, 2384.2256
19, 7, 98, 60.3502, 2458.4448
19, 7, 99, 59.0947, 1747.4463
19, 7, 100, 59.2972, 1906.5527
19, 7, 101, 59.9368, 2270.3360
19, 7, 102, 59.4662, 2049.7377
19, 7, 103, 59.4817, 2080.0210
19, 7, 104, 60.0955, 2462.2883
19, 7, 105, 59.6145, 2185.7621
19, 7, 106, 58.5422, 1563.4794
19, 7, 107, 59.2103, 2032.2599
19, 7, 108, 58.7769, 1732.7107
19, 7, 109, 59.0328, 1955.3836
19, 7, 110, 58.6811, 1812.8227
19, 7, 111, 59.2993, 2144.7781
19, 7, 112, 58.9040, 1958.5712
19, 7, 113, 59.2727, 2183.0725
19, 7, 114, 58.6186, 1831.0704
19, 7, 115, 58.5895, 1831.3220
19, 7, 116, 58.9936, 2039.3812
19, 7, 117, 58.6915, 1949.7660
19, 7, 118, 58.5750, 1923.9352
19, 7, 119, 58.4325, 1904.4279
19, 7, 120, 58.5457, 1967.8233
19, 7, 121, 58.5753, 1988.0724
19, 7, 122, 58.7095, 2163.1742
19, 7, 123, 59.9175, 2419.0051
19, 7, 124, 58.5747, 2131.0684
19, 7, 125, 58.8851, 2232.3626
19, 7, 126, 58.6113, 2185.7665
19, 7, 127, 58.6975, 2236.6820
19, 7, 128, 58.6105, 2329.9519
19, 7, 129, 58.6211, 2335.0161
19, 7, 130, 58.5792, 2331.6551
19, 7, 131, 58.6096, 2384.4899
19, 7, 132, 59.3456, 2364.4827
19, 7, 133, 58.7421, 2517.8250
19, 7, 134, 60.6594, 3068.0520
19, 7, 135, 58.7560, 2339.4741
19, 7, 136, 58.8957, 2531.2395
19, 7, 137, 58.8602, 2728.7431
19, 7, 138, 58.7038, 2600.8066
19, 7, 139, 60.4188, 2867.0388
19, 7, 140, 58.7068, 2526.5663
19, 8, 90, 59.7688, 2017.7898
19, 8, 91, 61.1262, 2827.2537
19, 8, 92, 60.0128, 2291.1641
19, 8, 93, 60.2307, 2422.8723
19, 8, 94, 60.1186, 2340.8985
19, 8, 95, 63.5456, 4304.1525
19, 8, 96, 60.4067, 2549.1761
19, 8, 97, 59.5730, 2036.6062
19, 8, 98, 60.2447, 2453.4731
19, 8, 99, 59.8459, 2302.4611
19, 8, 100, 59.3827, 2021.1827
19, 8, 101, 61.2809, 3116.4979
19, 8, 102, 58.7182, 1734.7032
19, 8, 103, 59.2099, 1967.6695
19, 8, 104, 60.6528, 2714.7784
19, 8, 105, 58.8962, 1875.9221
19, 8, 106, 58.7519, 1829.3211
19, 8, 107, 59.0552, 1959.9152
19, 8, 108, 58.9796, 1960.6156
19, 8, 109, 58.7767, 1879.2905
19, 8, 110, 59.7119, 2377.0918
19, 8, 111, 59.1159, 2062.0903
19, 8, 112, 58.9961, 2068.8829
19, 8, 113, 59.3679, 2199.2086
19, 8, 114, 58.6503, 1891.4234
19, 8, 115, 59.5282, 2364.4514
19, 8, 116, 58.5944, 1978.4922
19, 8, 117, 58.4235, 1913.6665
19, 8, 118, 58.7390, 2119.2135
19, 8, 119, 58.7919, 2121.9423
19, 8, 120, 58.5038, 2037.3241
19, 8, 121, 58.4151, 2026.8584
19, 8, 122, 59.2387, 2383.4225
19, 8, 123, 58.5801, 2189.1539
19, 8, 124, 58.7815, 2145.6990
19, 8, 125, 58.8499, 2155.2425
19, 8, 126, 58.9955, 2299.8173
19, 8, 127, 58.5999, 2363.2943
19, 8, 128, 58.6165, 2462.4295
19, 8, 129, 58.6001, 2292.3278
19, 8, 130, 58.5756, 2388.3418
19, 8, 131, 58.6558, 2382.1736
19, 8, 132, 59.1011, 2374.7526
19, 8, 133, 58.6626, 2542.6415
19, 8, 134, 58.6791, 2443.5850
19, 8, 135, 62.0581, 3794.7438
19, 8, 136, 58.7167, 2845.7563
19, 8, 137, 59.9084, 2677.8532
19, 8, 138, 58.7167, 2545.1641
19, 8, 139, 58.7905, 2897.5316
19, 8, 140, 58.7262, 2971.2794
19, 9, 90, 62.8344, 3926.7128
19, 9, 91, 62.5542, 3630.7394
19, 9, 92, 60.5378, 2443.7451
19, 9, 93, 61.6884, 3204.0480
19, 9, 94, 60.9145, 2701.6859
19, 9, 95, 62.3669, 3633.9791
19, 9, 96, 62.2245, 3595.7999
19, 9, 97, 61.3362, 3020.2468
19, 9, 98, 60.1146, 2345.3012
19, 9, 99, 62.5481, 3755.2090
19, 9, 100, 59.5354, 2032.3305
19, 9, 101, 60.1766, 2382.2219
19, 9, 102, 62.5994, 3710.8111
19, 9, 103, 60.6593, 2647.5739
19, 9, 104, 59.4165, 2065.9649
19, 9, 105, 60.0795, 2466.4706
19, 9, 106, 61.5159, 3192.4703
19, 9, 107, 58.9204, 1952.7740
19, 9, 108, 59.0731, 2029.5651
19, 9, 109, 58.8454, 1850.1504
19, 9, 110, 66.1398, 5958.7763
19, 9, 111, 58.8993, 1947.8987
19, 9, 112, 61.3163, 3132.9730
19, 9, 113, 60.6962, 2784.1624
19, 9, 114, 59.9530, 2512.3313
19, 9, 115, 60.2587, 2621.9374
19, 9, 116, 61.4432, 3165.5745
19, 9, 117, 59.5343, 2340.0953
19, 9, 118, 64.2612, 4865.5820
19, 9, 119, 60.1253, 2600.8366
19, 9, 120, 59.4794, 2307.4066
19, 9, 121, 60.2746, 2842.4671
19, 9, 122, 60.7786, 2904.6303
19, 9, 123, 61.6533, 3349.3791
19, 9, 124, 59.0345, 2237.1839
19, 9, 125, 65.5418, 5560.3491
19, 9, 126, 61.8772, 3340.2907
19, 9, 127, 60.5070, 2799.8339
19, 9, 128, 59.0679, 2181.4426
19, 9, 129, 60.7356, 2934.6799
19, 9, 130, 61.6900, 3510.4293
19, 9, 131, 59.3976, 2411.1143
19, 9, 132, 61.2890, 3278.1907
19, 9, 133, 59.5905, 2454.7582
19, 9, 134, 59.6363, 2495.4004
19, 9, 135, 59.0662, 2383.9243
19, 9, 136, 59.0044, 2341.2037
19, 9, 137, 59.1592, 2394.8702
19, 9, 138, 58.5560, 2773.4423
19, 9, 139, 61.5031, 3366.4749
19, 9, 140, 58.9353, 2329.3505
19, 10, 90, 61.6563, 3040.7169
19, 10, 91, 60.7370, 2471.9427
19, 10, 92, 61.7695, 3113.6813
19, 10, 93, 65.7308, 5569.5826
19, 10, 94, 61.2390, 2832.1114
19, 10, 95, 63.0217, 3883.3741
19, 10, 96, 63.8376, 4358.5287
19, 10, 97, 63.8113, 4439.5629
19, 10, 98, 63.3939, 4294.7215
19, 10, 99, 63.3255, 4132.8263
19, 10, 100, 60.8534, 2620.8669
19, 10, 101, 64.5882, 4837.1671
19, 10, 102, 61.4908, 3029.2054
19, 10, 103, 61.4000, 2981.5808
19, 10, 104, 60.8377, 2808.7607
19, 10, 105, 63.8897, 4610.7642
19, 10, 106, 66.0630, 5932.5874
19, 10, 107, 60.9307, 2958.0249
19, 10, 108, 65.3271, 5440.8807
19, 10, 109, 76.8065, 18448.5618
19, 10, 110, 62.0339, 3714.7571
19, 10, 111, 63.9342, 4712.5043
19, 10, 112, 61.4088, 3089.4663
19, 10, 113, 60.6002, 2744.3933
19, 10, 114, 63.0185, 4051.7276
19, 10, 115, 60.0123, 2486.1297
19, 10, 116, 63.4273, 4361.6488
19, 10, 117, 59.1079, 2120.2682
19, 10, 118, 64.7657, 5166.5522
19, 10, 119, 59.4440, 2185.9213
19, 10, 120, 63.3415, 4203.3441
19, 10, 121, 60.0527, 2447.0582
19, 10, 122, 59.8718, 2381.1315
19, 10, 123, 59.6530, 2330.4715
19, 10, 124, 60.8942, 2872.1708
19, 10, 125, 60.9054, 2924.4152
19, 10, 126, 59.4816, 2332.4997
19, 10, 127, 59.0757, 2294.9522
19, 10, 128, 63.7040, 4432.4500
19, 10, 129, 60.2492, 2673.6697
19, 10, 130, 62.3900, 3959.2849
19, 10, 131, 59.0520, 2178.8927
19, 10, 132, 59.2484, 2290.7669
19, 10, 133, 62.5470, 3919.0759
19, 10, 134, 61.4051, 3179.9038
19, 10, 135, 60.1239, 2550.1372
19, 10, 136, 59.0250, 2316.6406
19, 10, 137, 60.0909, 2738.7507
19, 10, 138, 64.7748, 5114.8078
19, 10, 139, 59.8432, 2416.1909
19, 10, 140, 61.3588, 3272.7533
20, 1, 90, 47.6604, 445.2792
20, 1, 91, 53.3496, 672.3449
20, 1, 92, 48.4836, 460.7121
20, 1, 93, 47.4077, 402.6053
20, 1, 94, 46.4798, 372.9386
20, 1, 95, 46.4604, 364.8276
20, 1, 96, 47.0105, 370.2889
20, 1, 97, 47.5549, 391.7503
20, 1, 98, 42.9709, 280.6105
20, 1, 99, 42.9934, 289.3113
20, 1, 100, 48.0478, 370.9050
20, 1, 101, 47.3139, 343.4884
20, 1, 102, 48.4855, 380.4949
20, 1, 103, 43.8098, 257.8866
20, 1, 104, 48.5496, 367.1046
20, 1, 105, 50.8266, 442.0904
20, 1, 106, 43.9838, 247.5147
20, 1, 107, 42.0884, 236.5308
20, 1, 108, 43.9067, 238.0413
20, 1, 109, 41.4708, 208.4729
20, 1, 110, 43.7606, 239.7525
20, 1, 111, 42.3262, 212.6037
20, 1, 112, 47.7935, 313.1923
20, 1, 113, 40.5868, 187.6487
20, 1, 114, 40.1032, 177.2750
20, 1, 115, 39.8691, 169.8588
20, 1, 116, 45.9065, 261.5331
20, 1, 117, 45.6905, 262.0107
20, 1, 118, 40.9690, 174.0378
20, 1, 119, 39.5524, 153.0674
20, 1, 120, 40.2641, 162.3609
20, 1, 121, 40.0254, 156.2856
20, 1, 122, 39.2294, 149.4091
20, 1, 123, 43.9907, 218.3621
20, 1, 124, 45.2040, 243.8492
20, 1, 125, 42.5876, 193.3609
20, 1, 126, 40.3037, 155.4714
20, 1, 127, 45.2540, 240.7671
20, 1, 128, 44.7846, 233.3888
20, 1, 129, 40.5548, 160.0036
20, 1, 130, 39.7550, 151.2736
20, 1, 131, 46.5341, 280.6312
20, 1, 132, 41.1179, 162.9998
20, 1, 133, 43.1991, 202.4448
20, 1, 134, 46.3345, 279.0083
20, 1, 135, 36.8910, 114.8625
20, 1, 136, 42.4608, 197.2220
20, 1, 137, 39.1999, 138.5495
20, 1, 138, 43.0264, 198.9838
20, 1, 139, 38.8108, 132.1879
20, 1, 140, 49.3148, 423.6917
20, 2, 90, 55.8910, 869.8828
20, 2, 91, 56.2079, 882.0729
20, 2, 92, 56.3885, 912.4509
20, 2, 93, 55.3032, 790.9826
20, 2, 94, 55.0291, 751.4825
20, 2, 95, 55.8876, 808.0884
20, 2, 96, 55.3227, 768.7248
20, 2, 97, 55.0244, 733.0896
20, 2, 98, 55.7597, 800.6837
20, 2, 99, 55.7075, 774.6845
20, 2, 100, 55.5478, 755.9557
20, 2, 101, 54.3034, 650.5660
20, 2, 102, 56.1491, 819.9034
20, 2, 103, 52.8158, 531.1624
20, 2, 104, 53.7124, 598.6907
20, 2, 105, 53.8543, 614.0432
20, 2, 106, 53.0466, 544.5865
20, 2, 107, 55.7342, 780.8080
20, 2, 108, 55.4991, 758.1315
20, 2, 109, 54.8974, 695.6964
20, 2, 110, 53.3556, 580.2452
20, 2, 111, 54.8305, 702.9819
20, 2, 112, 53.8767, 613.6775
20, 2, 113, 53.7705, 610.9390
20, 2, 114, 54.4230, 675.4610
20, 2, 115, 55.1910, 775.9809
20, 2, 116, 55.0445, 745.8439
20, 2, 117, 51.1215, 449.7383
20, 2, 118, 54.1691, 681.3088
20, 2, 119, 55.4952, 856.2244
20, 2, 120, 52.8773, 568.4675
20, 2, 121, 53.6417, 646.8995
20, 2, 122, 54.2791, 707.3743
20, 2, 123, 55.9097, 975.8454
20, 2, 124, 55.4186, 905.4206
20, 2, 125, 53.7703, 690.1240
20, 2, 126, 53.3473, 645.2929
20, 2, 127, 52.0927, 553.9986
20, 2, 128, 49.8293, 399.8331
20, 2, 129, 54.1575, 782.2271
20, 2, 130, 54.4719, 831.4620
20, 2, 131, 52.7693, 636.7895
20, 2, 132, 54.3187, 840.4245
20, 2, 133, 54.6921, 903.8858
20, 2, 134, 53.9616, 798.6615
20, 2, 135, 52.8881, 692.8138
20, 2, 136, 53.5430, 802.8005
20, 2, 137, 54.5688, 957.2040
20, 2, 138, 50.9367, 543.2978
20, 2, 139, 55.1929, 1081.0368
20, 2, 140, 55.7341, 1225.6007
20, 3, 90, 58.3151, 1229.7261
20, 3, 91, 57.7540, 1123.5713
20, 3, 92, 57.4184, 1027.1301
20, 3, 93, 57.7463, 1094.5562
20, 3, 94, 58.3245, 1215.4669
20, 3, 95, 57.2676, 987.3765
20, 3, 96, 57.4077, 1036.2194
20, 3, 97, 56.5080, 938.3487
20, 3, 98, 57.0293, 963.6099
20, 3, 99, 56.8437, 952.9688
20, 3, 100, 57.1678, 986.8486
20, 3, 101, 56.9479, 966.9802
20, 3, 102, 57.0784, 981.6791
20, 3, 103, 56.5398, 889.5538
20, 3, 104, 56.6063, 907.8175
20, 3, 105, 56.7299, 912.7336
20, 3, 106, 56.3812, 887.5396
20, 3, 107, 56.4408, 895.6672
20, 3, 108, 56.2766, 892.2697
20, 3, 109, 56.9810, 1004.7591
20, 3, 110, 56.9790, 1018.5048
20, 3, 111, 56.4629, 926.5198
20, 3, 112, 56.4646, 927.0167
20, 3, 113, 56.6042, 971.9992
20, 3, 114, 56.2476, 918.8481
20, 3, 115, 56.1812, 919.5923
20, 3, 116, 56.3817, 982.9663
20, 3, 117, 56.8388, 1093.5753
20, 3, 118, 57.3899, 1224.0275
20, 3, 119, 55.0062, 794.4889
20, 3, 120, 56.1075, 971.9622
20, 3, 121, 56.5578, 1055.2715
20, 3, 122, 56.2082, 1024.1273
20, 3, 123, 56.6818, 1134.8921
20, 3, 124, 57.1390, 1299.2656
20, 3, 125, 55.5599, 921.4599
20, 3, 126, 57.0730, 1316.7471
20, 3, 127, 57.5465, 1506.7108
20, 3, 128, 56.2198, 1117.1600
20, 3, 129, 56.9181, 1333.0623
20, 3, 130, 56.4978, 1235.2669
20, 3, 131, 56.7875, 1334.8804
20, 3, 132, 56.6855, 1313.1631
20, 3, 133, 56.9866, 1455.5068
20, 3, 134, 56.5842, 1354.3370
20, 3, 135, 56.8714, 1462.1936
20, 3, 136, 56.9469, 1500.3129
20, 3, 137, 57.1933, 1657.5571
20, 3, 138, 57.4643, 1812.2981
20, 3, 139, 56.1832, 1353.2319
20, 3, 140, 57.0955, 1712.7295
20, 4, 90, 58.7638, 1321.6027
20, 4, 91, 57.6713, 1068.0702
20, 4, 92, 58.0682, 1186.4997
20, 4, 93, 57.8898, 1115.7927
20, 4, 94, 58.1206, 1163.4578
20, 4, 95, 57.6257, 1042.8541
20, 4, 96, 57.5877, 1050.8376
20, 4, 97, 58.1265, 1192.6760
20, 4, 98, 58.1157, 1223.1605
20, 4, 99, 57.7510, 1092.9768
20, 4, 100, 57.7611, 1104.7874
20, 4, 101, 58.0472, 1193.2193
20, 4, 102, 58.4359, 1415.0977
20, 4, 103, 56.9389, 988.6179
20, 4, 104, 57.4584, 1104.3629
20, 4, 105, 57.1795, 1019.3510
20, 4, 106, 57.4172, 1113.3868
20, 4, 107, 57.2710, 1047.9482
20, 4, 108, 57.4706, 1121.8889
20, 4, 109, 56.7939, 1004.1556
20, 4, 110, 57.1765, 1079.8869
20, 4, 111, 57.4454, 1170.4545
20, 4, 112, 57.6466, 1280.5424
20, 4, 113, 57.1732, 1147.1684
20, 4, 114, 57.0318, 1116.1139
20, 4, 115, 57.1937, 1167.4949
20, 4, 116, 57.2969, 1213.7094
20, 4, 117, 57.4827, 1274.1892
20, 4, 118, 57.5388, 1379.4032
20, 4, 119, 57.2175, 1251.9850
20, 4, 120, 57.2223, 1299.7622
20, 4, 121, 57.5811, 1519.5811
20, 4, 122, 57.4346, 1441.0907
20, 4, 123, 57.4142, 1461.0381
20, 4, 124, 57.1132, 1337.1589
20, 4, 125, 57.4926, 1537.3875
20, 4, 126, 57.6342, 1622.6616
20, 4, 127, 57.5789, 1681.3230
20, 4, 128, 57.4990, 1708.2874
20, 4, 129, 57.7056, 1770.0499
20, 4, 130, 57.7660, 1898.7000
20, 4, 131, 57.7653, 1965.8681
20, 4, 132, 57.6678, 1897.3635
20, 4, 133, 57.6736, 1901.8128
20, 4, 134, 57.2736, 1805.8144
20, 4, 135, 57.8783, 2188.4550
20, 4, 136, 57.7950, 2133.9797
20, 4, 137, 57.8497, 2152.7777
20, 4, 138, 57.8113, 2254.3157
20, 4, 139, 57.6062, 2089.4916
20, 4, 140, 57.5837, 2132.4107
20, 5, 90, 59.4571, 1563.3450
20, 5, 91, 59.1768, 1418.8220
20, 5, 92, 59.0252, 1389.2663
20, 5, 93, 58.6364, 1235.6014
20, 5, 94, 59.0889, 1464.8496
20, 5, 95, 59.2963, 1623.5157
20, 5, 96, 58.6215, 1267.6830
20, 5, 97, 58.7929, 1375.5402
20, 5, 98, 58.5866, 1315.8688
20, 5, 99, 58.4794, 1285.8076
20, 5, 100, 58.2921, 1215.0496
20, 5, 101, 58.4116, 1302.6935
20, 5, 102, 58.5424, 1363.2882
20, 5, 103, 58.6544, 1477.3151
20, 5, 104, 57.9644, 1154.8836
20, 5, 105, 58.0377, 1198.3716
20, 5, 106, 58.7374, 1611.4698
20, 5, 107, 58.1523, 1307.8955
20, 5, 108, 58.0461, 1309.8386
20, 5, 109, 57.9510, 1266.2809
20, 5, 110, 57.7562, 1192.0056
20, 5, 111, 58.0429, 1345.8475
20, 5, 112, 57.8956, 1289.0103
20, 5, 113, 58.2744, 1565.9565
20, 5, 114, 57.7038, 1228.5880
20, 5, 115, 57.8259, 1348.2413
20, 5, 116, 57.7954, 1361.2578
20, 5, 117, 58.3538, 1729.2752
20, 5, 118, 57.9717, 1518.1576
20, 5, 119, 58.3097, 1743.7428
20, 5, 120, 57.8467, 1469.1302
20, 5, 121, 58.2728, 1823.8431
20, 5, 122, 57.5590, 1417.5991
20, 5, 123, 58.1264, 1834.4371
20, 5, 124, 58.2309, 1883.2260
20, 5, 125, 57.9543, 1760.3862
20, 5, 126, 58.0650, 1891.6210
20, 5, 127, 58.0929, 1892.0116
20, 5, 128, 57.8610, 1800.4760
20, 5, 129, 57.9287, 1825.4650
20, 5, 130, 57.8820, 1858.8940
20, 5, 131, 58.0857, 2022.7792
20, 5, 132, 58.1650, 2207.6884
20, 5, 133, 57.9802, 2034.8495
20, 5, 134, 58.1310, 2176.6433
20, 5, 135, 58.0795, 2192.5456
20, 5, 136, 57.8768, 2042.4634
20, 5, 137, 58.2382, 2464.3857
20, 5, 138, 58.0946, 2329.3557
20, 5, 139, 58.1555, 2440.2572
20, 5, 140, 58.5397, 2858.7029
20, 6, 90, 59.3463, 1571.4658
20, 6, 91, 59.4360, 1663.9036
20, 6, 92, 59.7895, 1912.0817
20, 6, 93, 58.7979, 1427.3832
20, 6, 94, 59.5848, 1861.5043
20, 6, 95, 59.1767, 1686.5074
20, 6, 96, 59.0402, 1609.3579
20, 6, 97, 58.7034, 1453.1410
20, 6, 98, 58.4125, 1328.9016
20, 6, 99, 58.6063, 1473.6461
20, 6, 100, 58.2528, 1291.9960
20, 6, 101, 58.6645, 1511.1044
20, 6, 102, 58.4111, 1388.1420
20, 6, 103, 59.1690, 1825.8295
20, 6, 104, 58.6046, 1537.4443
20, 6, 105, 58.3404, 1442.6399
20, 6, 106, 58.4445, 1502.1019
20, 6, 107, 58.2496, 1457.6951
20, 6, 108, 57.8240, 1236.3427
20, 6, 109, 57.9771, 1350.8983
20, 6, 110, 57.8075, 1271.9816
20, 6, 111, 57.8759, 1342.2534
20, 6, 112, 58.0899, 1491.2805
20, 6, 113, 58.9917, 1886.9739
20, 6, 114, 58.6255, 1797.8446
20, 6, 115, 58.2708, 1636.1328
20, 6, 116, 58.2447, 1647.4594
20, 6, 117, 58.1217, 1637.1119
20, 6, 118, 58.2534, 1689.2634
20, 6, 119, 58.0318, 1598.9115
20, 6, 120, 58.0578, 1602.7766
20, 6, 121, 58.0827, 1747.1725
20, 6, 122, 58.0415, 1700.1896
20, 6, 123, 57.9950, 1753.1992
20, 6, 124, 58.1801, 1849.0562
20, 6, 125, 57.9235, 1782.4093
20, 6, 126, 58.5203, 2082.0203
20, 6, 127, 58.4294, 2121.8746
20, 6, 128, 58.2549, 2074.5001
20, 6, 129, 58.7726, 2090.8549
20, 6, 130, 58.3096, 2250.3040
20, 6, 131, 58.1412, 2182.0596
20, 6, 132, 57.9706, 1980.0804
20, 6, 133, 58.2500, 2273.8830
20, 6, 134, 58.6923, 2263.7236
20, 6, 135, 58.2413, 2410.7043
20, 6, 136, 60.3122, 2446.4019
20, 6, 137, 58.4209, 2627.2094
20, 6, 138, 58.1788, 2413.6206
20, 6, 139, 58.2801, 2713.4213
20, 6, 140, 58.4605, 2701.5123
20, 7, 90, 59.4984, 1569.7518
20, 7, 91, 60.7481, 2360.1128
20, 7, 92, 59.4723, 1658.5478
20, 7, 93, 59.6324, 1804.9659
20, 7, 94, 63.6765, 3943.2786
20, 7, 95, 59.8173, 1905.2218
20, 7, 96, 60.4516, 2249.0615
20, 7, 97, 59.2572, 1624.8709
20, 7, 98, 59.5763, 1826.2337
20, 7, 99, 59.5960, 1880.4220
20, 7, 100, 58.9354, 1594.9239
20, 7, 101, 58.8274, 1516.5177
20, 7, 102, 59.3847, 1904.5290
20, 7, 103, 59.1939, 1739.8595
20, 7, 104, 58.5638, 1463.0486
20, 7, 105, 58.5775, 1496.0818
20, 7, 106, 58.3739, 1457.7648
20, 7, 107, 58.4809, 1483.9436
20, 7, 108, 58.6449, 1608.9553
20, 7, 109, 58.0510, 1368.9820
20, 7, 110, 58.5191, 1619.5880
20, 7, 111, 59.6590, 2081.5943
20, 7, 112, 58.6359, 1703.4219
20, 7, 113, 58.8628, 1865.1419
20, 7, 114, 58.4062, 1672.4981
20, 7, 115, 58.1787, 1587.4779
20, 7, 116, 59.2022, 2069.8416
20, 7, 117, 58.3382, 1735.0199
20, 7, 118, 58.2124, 1710.4112
20, 7, 119, 58.2364, 1740.4709
20, 7, 120, 58.5242, 1881.8113
20, 7, 121, 63.6132, 4012.3942
20, 7, 122, 58.2358, 1870.9255
20, 7, 123, 58.5597, 1994.9945
20, 7, 124, 58.9667, 2033.2309
20, 7, 125, 58.5206, 2063.2679
20, 7, 126, 59.2789, 2101.2750
20, 7, 127, 59.8553, 2352.8411
20, 7, 128, 58.4843, 2132.1907
20, 7, 129, 59.0403, 2116.2340
20, 7, 130, 58.3493, 2266.1617
20, 7, 131, 58.4748, 2322.0692
20, 7, 132, 58.4344, 2300.7125
20, 7, 133, 58.5090, 2243.5251
20, 7, 134, 58.3200, 2534.0863
20, 7, 135, 58.6071, 2485.1037
20, 7, 136, 58.5668, 2254.3233
20, 7, 137, 58.3896, 2657.3960
20, 7, 138, 60.1847, 2602.2627
20, 7, 139, 58.5193, 2692.3280
20, 7, 140, 58.5904, 2947.9261
20, 8, 90, 60.6047, 2282.1361
20, 8, 91, 61.1515, 2492.5581
20, 8, 92, 62.3995, 3234.4043
20, 8, 93, 59.5975, 1793.0727
20, 8, 94, 59.1817, 1655.2377
20, 8, 95, 59.2377, 1619.3041
20, 8, 96, 59.4096, 1777.4554
20, 8, 97, 59.0412, 1636.7662
20, 8, 98, 60.7029, 2441.5621
20, 8, 99, 62.1716, 3170.8582
20, 8, 100, 59.5927, 1917.4291
20, 8, 101, 59.0591, 1756.8265
20, 8, 102, 61.0530, 2567.8943
20, 8, 103, 58.5219, 1462.3191
20, 8, 104, 58.5811, 1536.8812
20, 8, 105, 58.2021, 1401.9734
20, 8, 106, 58.3095, 1461.5716
20, 8, 107, 60.1768, 2301.1744
20, 8, 108, 59.7691, 2122.3121
20, 8, 109, 59.0767, 1799.1542
20, 8, 110, 58.5533, 1663.0105
20, 8, 111, 58.7917, 1812.3849
20, 8, 112, 59.0782, 1888.8629
20, 8, 113, 58.6999, 1797.6209
20, 8, 114, 58.9039, 1849.0884
20, 8, 115, 59.1470, 1973.7318
20, 8, 116, 58.3919, 1778.2244
20, 8, 117, 59.4554, 2044.7423
20, 8, 118, 57.9888, 1623.9561
20, 8, 119, 60.0762, 2379.3023
20, 8, 120, 58.7187, 1935.6230
20, 8, 121, 58.0860, 1794.3714
20, 8, 122, 59.7700, 2254.5693
20, 8, 123, 58.1179, 1886.4352
20, 8, 124, 58.3609, 2023.1766
20, 8, 125, 58.9392, 1974.8635
20, 8, 126, 58.4992, 1942.3958
20, 8, 127, 58.8042, 1950.9100
20, 8, 128, 58.1282, 1952.4021
20, 8, 129, 58.3508, 2234.6664
20, 8, 130, 58.4210, 2214.7389
20, 8, 131, 58.2095, 2145.3145
20, 8, 132, 58.7309, 2151.6008
20, 8, 133, 58.3148, 2315.9133
20, 8, 134, 58.3386, 2192.8540
20, 8, 135, 58.3206, 2191.5077
20, 8, 136, 58.6206, 2090.5470
20, 8, 137, 58.3205, 2443.8550
20, 8, 138, 58.6899, 2074.0981
20, 8, 139, 58.4315, 2209.1300
20, 8, 140, 58.6285, 2206.8123
20, 9, 90, 60.5486, 2275.1416
20, 9, 91, 59.9051, 1895.3725
20, 9, 92, 60.8086, 2493.2232
20, 9, 93, 60.2912, 2117.0198
20, 9, 94, 59.8564, 1916.6606
20, 9, 95, 60.6395, 2376.9285
20, 9, 96, 60.3339, 2276.8912
20, 9, 97, 60.0426, 2123.3999
20, 9, 98, 64.3484, 4369.8660
20, 9, 99, 60.8068, 2588.4377
20, 9, 100, 62.0873, 3242.4109
20, 9, 101, 63.5784, 3905.3544
20, 9, 102, 60.6447, 2391.6187
20, 9, 103, 59.6470, 2036.6741
20, 9, 104, 60.4233, 2442.3330
20, 9, 105, 59.8503, 2175.6882
20, 9, 106, 60.2938, 2389.1013
20, 9, 107, 59.5577, 2070.2721
20, 9, 108, 61.3267, 2805.5811
20, 9, 109, 60.0909, 2312.9206
20, 9, 110, 59.0797, 1880.9650
20, 9, 111, 58.9019, 1780.8666
20, 9, 112, 58.8550, 1790.1218
20, 9, 113, 59.2340, 1945.7007
20, 9, 114, 63.3443, 3724.4647
20, 9, 115, 61.1192, 2806.2367
20, 9, 116, 58.9711, 1874.6977
20, 9, 117, 58.8449, 1898.9530
20, 9, 118, 58.6048, 1898.0105
20, 9, 119, 63.1479, 3864.4382
20, 9, 120, 60.0158, 2422.3707
20, 9, 121, 60.4034, 2598.1298
20, 9, 122, 61.0719, 2734.4109
20, 9, 123, 58.9298, 2025.3229
20, 9, 124, 58.3847, 1904.1153
20, 9, 125, 59.1167, 2073.3233
20, 9, 126, 58.9435, 2129.0022
20, 9, 127, 62.3018, 3499.9430
20, 9, 128, 59.1255, 2127.5108
20, 9, 129, 60.5052, 2681.5192
20, 9, 130, 59.7937, 2329.4276
20, 9, 131, 59.3314, 2188.0874
20, 9, 132, 60.8261, 2864.5398
20, 9, 133, 58.5175, 2230.3610
20, 9, 134, 58.6091, 2220.3592
20, 9, 135, 59.4611, 2364.9313
20, 9, 136, 60.0459, 2408.5078
20, 9, 137, 59.0478, 2140.7931
20, 9, 138, 59.1053, 2236.9320
20, 9, 139, 62.1097, 3446.4483
20, 9, 140, 59.6869, 2368.2685
20, 10, 90, 62.8275, 3406.1141
20, 10, 91, 70.7572, 9383.8428
20, 10, 92, 61.6023, 2770.2938
20, 10, 93, 62.8968, 3457.1279
20, 10, 94, 61.6452, 2735.7021
20, 10, 95, 61.1135, 2482.9039
20, 10, 96, 60.9482, 2522.0630
20, 10, 97, 66.3480, 5770.3302
20, 10, 98, 60.6033, 2296.3911
20, 10, 99, 63.3169, 3801.7721
20, 10, 100, 64.6611, 4763.0684
20, 10, 101, 60.9804, 2578.6453
20, 10, 102, 59.3361, 1670.2849
20, 10, 103, 64.2071, 4315.9234
20, 10, 104, 61.3547, 2708.3179
20, 10, 105, 60.1111, 2145.3684
20, 10, 106, 61.6148, 2944.2038
20, 10, 107, 73.5182, 12195.1718
20, 10, 108, 60.8380, 2582.4673
20, 10, 109, 60.6507, 2536.6633
20, 10, 110, 63.9058, 4132.9989
20, 10, 111, 59.3111, 1888.9203
20, 10, 112, 61.9432, 3163.1105
20, 10, 113, 71.8008, 10202.3876
20, 10, 114, 61.0198, 2667.7435
20, 10, 115, 58.7159, 1741.8555
20, 10, 116, 59.4978, 2107.7357
20, 10, 117, 65.7160, 5462.8363
20, 10, 118, 60.9194, 2676.3869
20, 10, 119, 59.9557, 2373.3935
20, 10, 120, 59.7568, 2122.5661
20, 10, 121, 59.6814, 2203.5268
20, 10, 122, 59.9102, 2275.5136
20, 10, 123, 58.9598, 1884.9329
20, 10, 124, 58.9409, 1965.7999
20, 10, 125, 60.8796, 2652.6020
20, 10, 126, 59.6423, 2192.5083
20, 10, 127, 60.9235, 2882.4010
20, 10, 128, 59.3309, 2090.5679
20, 10, 129, 59.5421, 2125.3864
20, 10, 130, 59.4204, 2050.0699
20, 10, 131, 59.9298, 2336.0501
20, 10, 132, 61.1100, 2769.6576
20, 10, 133, 62.4405, 3495.1654
20, 10, 134, 61.7170, 3122.1250
20, 10, 135, 59.8942, 2233.0633
20, 10, 136, 60.5734, 2534.7380
20, 10, 137, 59.5704, 2193.0739
20, 10, 138, 61.7779, 3129.4571
20, 10, 139, 63.2211, 4068.1207
20, 10, 140, 59.2732, 2211.1773
